0.519499 -0.002066144 -0.000188380 0.017262502 0.001712193 -0.020719357 -0.001085198 0.999783278
0.623377 -0.002565936 -0.000222263 0.021480629 0.002131553 -0.027638162 -0.000938066 0.999615252
0.727122 -0.014396784 -0.001106707 0.056708097 0.001934752 -0.031597756 -0.000998220 0.999498308
0.830874 -0.020544726 -0.001516892 0.065973788 0.001599608 -0.038676281 -0.000028551 0.999250531
0.934622 -0.028464276 -0.002191708 0.077583462 0.001393025 -0.045933910 0.000047594 0.998943508
1.038404 -0.029724099 -0.004715492 0.089413844 0.000189571 -0.058133554 0.001177128 0.998308122
1.142127 -0.033557065 -0.004439573 0.100751296 0.001552618 -0.069952026 -0.001167216 0.997548461
1.245873 -0.011334810 -0.000800306 0.054052725 0.004335204 -0.090870090 -0.003914362 0.995845616
1.349627 -0.013858287 -0.001042150 0.060142674 0.004916332 -0.104380585 -0.005440518 0.994510412
1.453253 -0.020094804 -0.000160903 0.069733880 0.005820207 -0.118185066 -0.005698998 0.992958188
1.556997 -0.023390885 -0.001552864 0.079143621 0.004981833 -0.134381831 -0.006926088 0.990892887
1.660772 -0.022415040 -0.001591016 0.079527445 0.004783689 -0.151552200 -0.007940220 0.988405764
1.764374 -0.026346678 -0.001524828 0.088402554 0.004783219 -0.169504330 -0.008583675 0.985480487
1.868002 -0.032635301 -0.001132136 0.098419666 0.005241869 -0.186817765 -0.010370885 0.982325852
1.971750 -0.037705548 -0.002100397 0.106422469 0.004865187 -0.204514906 -0.011869692 0.978779376
2.075498 -0.038176358 -0.001877108 0.105372317 0.004899417 -0.222898290 -0.012744891 0.974746048
2.179126 -0.043090142 -0.001659526 0.112676173 0.005357364 -0.242776603 -0.010772904 0.970007598
2.282875 -0.048483931 -0.001917982 0.118309490 0.004709421 -0.263355851 -0.008170404 0.964652658
2.386504 -0.055043526 -0.002129093 0.125982091 0.003243286 -0.285730481 -0.008606636 0.958265901
2.490144 -0.060033202 -0.002335463 0.131384209 0.002485149 -0.310928166 -0.011255475 0.950363517
2.593620 -0.067188673 -0.002515463 0.137483850 0.002411102 -0.335971624 -0.013211133 0.941776335
2.697329 -0.074854985 -0.002056812 0.143712044 0.002641689 -0.361771435 -0.011996641 0.932185888
2.800890 -0.082963206 -0.002469622 0.149482891 0.001049817 -0.388049453 -0.010137418 0.921582222
2.904641 -0.091748744 -0.002336794 0.155515179 0.000161142 -0.414685458 -0.007867751 0.909930766
3.008248 -0.101230994 -0.002265929 0.160873577 -0.001017177 -0.440723538 -0.007041841 0.897614717
3.112001 -0.111449450 -0.002085312 0.166238979 -0.002123401 -0.467396438 -0.006982707 0.884017706
3.215751 -0.122685611 -0.002027386 0.171034038 -0.003653288 -0.493775576 -0.006263832 0.869559109
3.319374 -0.134218484 -0.002137505 0.175116092 -0.004910534 -0.519698083 -0.006534615 0.854310870
3.423126 -0.146239236 -0.001924290 0.179753661 -0.006113611 -0.545988441 -0.006736150 0.837743342
3.526893 -0.159694076 -0.000780349 0.185086682 -0.005659258 -0.572677851 -0.006829973 0.819732487
3.630648 -0.174575746 -0.001876357 0.185389280 -0.009319333 -0.594063520 -0.007851437 0.804325819
3.734395 -0.188600048 -0.002575949 0.187364116 -0.012287613 -0.616337717 -0.007703309 0.787348390
3.838251 -0.204797804 -0.001239403 0.189123571 -0.011297874 -0.636549771 -0.007239562 0.771118939
3.942122 -0.222677216 -0.001426080 0.190468490 -0.011590897 -0.655065775 -0.007760008 0.755443096
4.046284 -0.238377258 -0.002296408 0.189835861 -0.012169381 -0.670659721 -0.008762006 0.741613567
4.150266 -0.255808920 -0.001414312 0.189819738 -0.010105942 -0.684940457 -0.009579205 0.728465974
4.254380 -0.272780150 -0.000817841 0.187778503 -0.007824278 -0.696730256 -0.009720766 0.717224658
4.358512 -0.296878457 0.000109249 0.189036399 -0.007827018 -0.708711982 -0.006431460 0.705425203
4.462646 -0.317138404 0.000219984 0.187874734 -0.007231475 -0.718146563 -0.005830792 0.695829868
4.566885 -0.338125050 0.001109174 0.187271088 -0.005998711 -0.726369321 -0.004447263 0.687264025
4.671250 -0.359796882 0.002014488 0.185012162 -0.005113780 -0.732085168 -0.004311146 0.681180298
4.775500 -0.382569641 0.001421190 0.182018310 -0.006126539 -0.735463381 -0.004734993 0.677520156
4.879959 -0.405059606 0.001976575 0.179670155 -0.006347101 -0.738918722 -0.005129121 0.673745155
4.984250 -0.430111021 0.002842119 0.175527111 -0.005925308 -0.740600228 -0.005509259 0.671897233
5.088502 -0.455392122 0.002311938 0.173221394 -0.006219165 -0.742302060 -0.006911708 0.670000911
5.192878 -0.480558991 0.002225095 0.170171887 -0.007132300 -0.742651224 -0.006782711 0.669606030
5.297154 -0.500598431 0.001748764 0.169925600 -0.010411212 -0.743595481 -0.005972271 0.668522000
5.401501 -0.532791734 0.002848566 0.164855450 -0.009182733 -0.741808236 -0.007965879 0.670501888
5.505749 -0.557275355 0.003241830 0.162356243 -0.008201779 -0.741342723 -0.008775777 0.671019077
5.610008 -0.585883200 0.003939587 0.158894941 -0.005968953 -0.740240455 -0.008412076 0.672263086
5.714253 -0.614110529 0.005120719 0.156325951 -0.005900961 -0.740119755 -0.007288184 0.672409713
5.818377 -0.644048691 0.004369577 0.154053405 -0.007995380 -0.739776254 -0.009316784 0.672740936
5.922523 -0.672985613 0.005944148 0.151193351 -0.008038765 -0.739085436 -0.009790437 0.673492551
6.026772 -0.703904867 0.004918762 0.148039073 -0.009200692 -0.738453805 -0.012320376 0.674128711
6.130876 -0.734032452 0.005298212 0.146002114 -0.008091840 -0.738271236 -0.012327692 0.674342752
6.235023 -0.765635967 0.005892218 0.142599016 -0.006151458 -0.737495959 -0.012689675 0.675204277
6.339025 -0.795993686 0.006479017 0.140413076 -0.004239028 -0.736711919 -0.014068385 0.676047027
6.443143 -0.829532027 0.007479536 0.136310026 -0.007605044 -0.736291826 -0.012224260 0.676510870
6.547271 -0.861525118 0.008739990 0.133360043 -0.009275867 -0.736005366 -0.010839744 0.676825345
6.651280 -0.893478334 0.008344033 0.130610406 -0.009781708 -0.735495687 -0.011926174 0.677353799
6.755380 -0.924658298 0.007584222 0.128031060 -0.007626868 -0.734581292 -0.012809364 0.678356886
6.859377 -0.959643483 0.009014272 0.125056744 -0.006621851 -0.735106230 -0.007796467 0.677874744
6.963378 -0.986979008 0.008301831 0.123758875 -0.004711116 -0.735129237 -0.006812618 0.677876353
7.067377 -1.026893854 0.010386986 0.119062193 -0.007320928 -0.735552907 -0.003271442 0.677419841
7.171256 -1.061447263 0.010051941 0.115535975 -0.009497580 -0.735581815 -0.006088459 0.677341938
7.275272 -1.096729279 0.010451892 0.113373943 -0.011224784 -0.735532105 -0.010688906 0.677312553
7.379272 -1.131394982 0.011030428 0.110071898 -0.012535417 -0.735570490 -0.013102701 0.677205443
7.483251 -1.164896727 0.012110159 0.107637629 -0.012336776 -0.735892177 -0.013015863 0.676861227
7.587271 -1.199220657 0.011860955 0.103781238 -0.010981091 -0.735692263 -0.012767307 0.677106559
7.691129 -1.233261585 0.011990679 0.100848705 -0.009878527 -0.735733747 -0.012275456 0.677087605
7.795131 -1.267797947 0.012751626 0.097931437 -0.010016664 -0.736036360 -0.012781022 0.676747203
7.899003 -1.299426317 0.012983915 0.096313208 -0.010214594 -0.736144543 -0.014452933 0.676592946
8.003004 -1.334590435 0.013742452 0.091990151 -0.010017999 -0.736055076 -0.013204572 0.676718712
8.107005 -1.370223403 0.015226210 0.088691026 -0.007433874 -0.735747576 -0.011795975 0.677112281
8.211004 -1.404199719 0.014223166 0.083958067 -0.005494935 -0.734962583 -0.011699480 0.677984476
8.315006 -1.438220859 0.014483038 0.081779838 -0.005756174 -0.735236466 -0.011937034 0.677681208
8.418880 -1.473172307 0.014568785 0.078457519 -0.006971529 -0.735132635 -0.012507604 0.677772105
8.522877 -1.499203324 0.016003573 0.078290038 -0.009238476 -0.735483587 -0.013041725 0.677354038
8.626899 -1.539410949 0.017698333 0.075197399 -0.010510032 -0.735132039 -0.015217152 0.677671671
8.730751 -1.571385026 0.015770908 0.069687463 -0.012437896 -0.734552383 -0.016745411 0.678231239
8.834756 -1.605261803 0.019346302 0.065924339 -0.010600433 -0.733606279 -0.016729990 0.679286122
8.938756 -1.640312672 0.021233531 0.066210546 -0.008481400 -0.734875143 -0.015097653 0.677981317
9.042758 -1.676782250 0.019174183 0.064738616 -0.008760531 -0.735469043 -0.013301607 0.677371085
9.146631 -1.707576513 0.019520640 0.062654324 -0.007175949 -0.736158669 -0.013429586 0.676637769
9.250652 -1.743372798 0.020959409 0.057022322 -0.004121992 -0.735014439 -0.014666734 0.677880228
9.354505 -1.777800202 0.020538883 0.053853486 -0.004453252 -0.735483944 -0.012617938 0.677409947
9.458529 -1.805307627 0.020143596 0.052905586 -0.004339593 -0.736570835 -0.011587970 0.676247180
9.562503 -1.841340542 0.021411395 0.048329793 -0.004467052 -0.736254632 -0.008798394 0.676632643
9.666385 -1.878130198 0.023567820 0.047520202 -0.003808305 -0.737942338 -0.009172356 0.674790680
9.770380 -1.914984226 0.024594706 0.041561313 -0.005255388 -0.737301230 -0.010820527 0.675457001
9.874249 -1.944528937 0.022412766 0.039818328 -0.010524663 -0.737815678 -0.012449379 0.674805284
9.978133 -1.976826072 0.023374919 0.038530566 -0.009873534 -0.739440680 -0.011335198 0.673053861
10.082130 -2.009031534 0.022709945 0.033588842 -0.007233562 -0.739176869 -0.012265361 0.673360825
10.186010 -2.042096853 0.023220640 0.030485697 -0.004822103 -0.739899397 -0.012204376 0.672589540
10.290010 -2.073885202 0.023099149 0.027858976 -0.003359637 -0.740380585 -0.014091053 0.672031820
10.393880 -2.107485771 0.024135906 0.023166429 -0.002734747 -0.739930928 -0.014265997 0.672526002
10.497760 -2.141297817 0.024563093 0.018836489 -0.003017733 -0.740117431 -0.014857585 0.672306776
10.601750 -2.171873569 0.025517870 0.016585266 -0.001699376 -0.740605712 -0.014779829 0.671775162
10.705630 -2.203626871 0.025710523 0.017581256 -0.001897292 -0.741987944 -0.014390062 0.670256078
10.809650 -2.233376503 0.025996987 0.010951041 -0.002363512 -0.741231620 -0.015601862 0.671063840
10.913510 -2.266961813 0.026804131 0.006914954 -0.004456179 -0.741240919 -0.015606201 0.671042860
11.017510 -2.298856735 0.028519660 0.004732082 -0.005609061 -0.741691887 -0.016239773 0.670520604
11.121380 -2.329754829 0.029478662 -0.000599707 -0.006364812 -0.741300106 -0.017364090 0.670918822
11.225380 -2.365168571 0.036616303 0.000730826 -0.003744184 -0.742155373 -0.016823189 0.670006216
11.329280 -2.410087585 0.037481695 0.000890667 -0.002199028 -0.742442846 -0.015938664 0.669716179
11.433260 -2.434798956 0.041696582 0.003497889 0.000740464 -0.744115472 -0.013904293 0.667905867
11.537150 -2.467324972 0.037484750 0.000813096 -0.000345059 -0.743661106 -0.012161581 0.668446064
11.641130 -2.500116587 0.037551235 0.001263262 0.002853971 -0.743230939 -0.015573713 0.668847561
11.745130 -2.510739803 0.030129991 -0.008321049 -0.001076025 -0.742465138 -0.014502553 0.669726849
11.849140 -2.537312746 0.030778440 -0.009136627 -0.001248711 -0.741629243 -0.014677295 0.670648217
11.953260 -2.565221548 0.029131057 -0.020039335 -0.002988157 -0.737851918 -0.015472479 0.674778640
12.057260 -2.590656996 0.029530510 -0.019607550 -0.003739437 -0.736378193 -0.015098151 0.676391363
12.161380 -2.615605116 0.030268610 -0.020648157 -0.003980564 -0.733352959 -0.015440385 0.679661095
12.265510 -2.642984629 0.029758051 -0.024093550 -0.003417083 -0.728781760 -0.017614072 0.684510887
12.369630 -2.667650461 0.029363768 -0.019953888 -0.003116857 -0.724909127 -0.020121127 0.688543499
12.473910 -2.691451073 0.032248292 -0.025868079 -0.002110534 -0.717463195 -0.019054459 0.696332514
12.578130 -2.710009813 0.034393251 -0.024412872 -0.000675381 -0.710121632 -0.020514362 0.703779817
12.682390 -2.733882427 0.019792128 -0.018877767 -0.009146770 -0.702352107 -0.018395962 0.711533189
12.786780 -2.755637407 0.018689258 -0.018642146 -0.010594162 -0.691522181 -0.017668253 0.722061455
12.891130 -2.773758411 0.020097282 -0.016276723 -0.010389184 -0.679082572 -0.017264789 0.733785272
12.995510 -2.793133974 0.030667383 -0.017197026 -0.004433542 -0.663371921 -0.019873079 0.748012781
13.099880 -2.808090448 0.026516510 -0.015470782 -0.007041328 -0.647788584 -0.019350808 0.761541784
13.204380 -2.827992439 0.029129539 -0.009160182 -0.007281629 -0.629902065 -0.017698362 0.776438773
13.308760 -2.845251799 0.026981167 -0.008017747 -0.009539101 -0.609190464 -0.015571103 0.792813659
13.413260 -2.865272999 0.031570856 0.001271672 -0.007714762 -0.587664723 -0.012533915 0.808970690
13.517630 -2.877932310 0.030097743 0.008190656 -0.010256668 -0.565836310 -0.007791162 0.824416995
13.622130 -2.895973682 0.033106394 0.016893351 -0.009058941 -0.541418433 -0.004158052 0.840694249
13.726510 -2.908228636 0.033293471 0.030711969 -0.009427392 -0.520632446 -0.003431687 0.853722036
13.830760 -2.920227766 0.039420545 0.042750310 -0.008233925 -0.498526871 0.001821740 0.866833210
13.935130 -2.933943033 0.030862775 0.049024168 -0.013343519 -0.473131239 -0.001344955 0.880889833
14.039380 -2.945580721 0.030447286 0.062796786 -0.017621888 -0.450823277 0.003631111 0.892431855
14.143650 -2.959018946 0.031194618 0.074054085 -0.015745025 -0.425484806 0.005739162 0.904810369
14.247880 -2.971420765 0.031772379 0.085978277 -0.010902337 -0.399418026 0.005502748 0.916687608
14.352150 -2.982026100 0.031861346 0.099441916 -0.004922243 -0.373829335 0.006711690 0.927460134
14.456380 -2.991607904 0.032624591 0.113371827 0.000868231 -0.346367210 0.004541928 0.938087642
14.560630 -3.003120899 0.032913856 0.129515350 0.003197072 -0.318306237 0.004093953 0.947973728
14.664880 -3.012841225 0.031756625 0.146954790 0.001624582 -0.290889889 0.005996860 0.956736386
14.769010 -3.022728682 0.032871898 0.162571043 0.004248678 -0.261359930 0.007455756 0.965203285
14.873160 -3.033945799 0.033026174 0.181856573 0.003964069 -0.233269215 0.008267195 0.972368956
14.977150 -3.040627003 0.029812217 0.204273209 0.003623404 -0.211535737 0.000747653 0.977363229
15.081160 -3.046765566 0.028268084 0.221000746 0.004383718 -0.189151064 -0.002244106 0.981935620
15.185010 -3.055822372 0.029602239 0.247681797 0.004919295 -0.170171157 -0.004972456 0.985389709
15.288760 -3.055983543 0.028850941 0.268534839 0.003459818 -0.157362774 -0.003504332 0.987528563
15.392480 -3.069391012 0.027624713 0.296585500 0.002322554 -0.142520830 -0.004076547 0.989780664
15.496190 -3.075620413 0.027680719 0.322053999 0.001559925 -0.131773263 -0.004075587 0.991270304
15.599910 -3.081024885 0.027183438 0.349447131 0.000312699 -0.123067267 -0.005256473 0.992384374
15.703610 -3.089015484 0.025465956 0.376109451 -0.001957189 -0.113130584 -0.008225067 0.993544161
15.807320 -3.095080376 0.024398450 0.401885867 -0.002256792 -0.106549896 -0.008013010 0.994272530
15.911010 -3.101317406 0.024848735 0.431960702 -0.002473568 -0.100305766 -0.006496797 0.994932353
16.014760 -3.106517792 0.025811886 0.462951273 -0.001049784 -0.093999669 -0.007821113 0.995540977
16.118550 -3.111183643 0.025555819 0.494364858 -0.001293291 -0.086673662 -0.007459969 0.996208012
16.222360 -3.116464615 0.025605764 0.525589585 -0.001534550 -0.079682156 -0.008366142 0.996784031
16.326140 -3.123168230 0.026132476 0.554783583 0.000800872 -0.071619369 -0.009394448 0.997387469
16.429890 -3.128792048 0.026101029 0.585878909 0.003431166 -0.065995753 -0.008356255 0.997779012
16.533760 -3.130799770 0.025904614 0.613928437 0.006751938 -0.062386524 -0.008885894 0.997989655
16.637520 -3.132071018 0.024728406 0.655622482 0.005557596 -0.060173888 -0.006374148 0.998152077
16.741260 -3.137613058 0.023733668 0.684301078 0.002496121 -0.055027075 -0.009309074 0.998438358
16.845140 -3.135572672 0.021091692 0.705722034 -0.001063243 -0.052613176 -0.013018563 0.998529553
16.948890 -3.136140823 0.021013068 0.736488402 -0.004736606 -0.052169472 -0.008861687 0.998587668
17.052630 -3.138720751 0.021494918 0.756973922 -0.002848496 -0.047537211 -0.010065597 0.998814702
17.156420 -3.150424957 0.022092614 0.815825641 -0.002203630 -0.047302268 -0.011495344 0.998812020
17.260280 -3.150482655 0.020765070 0.845936656 -0.002764021 -0.046216812 -0.013516843 0.998836160
17.364000 -3.150996208 0.019891802 0.872801542 -0.003461784 -0.044091672 -0.014188887 0.998920739
17.467890 -3.148227692 0.017014597 0.900566161 -0.006783002 -0.045024041 -0.012048954 0.998890221
17.571660 -3.161261559 0.021411058 0.948840141 -0.003737148 -0.042242635 -0.007256646 0.999074042
17.675510 -3.159435272 0.020163437 0.975127757 0.000949141 -0.041894548 -0.012591121 0.999042273
17.779390 -3.165838003 0.021215051 1.008594394 0.004696830 -0.039792068 -0.011174094 0.999134421
17.883140 -3.163514614 0.016763141 1.044696212 0.004771335 -0.042520925 -0.010504582 0.999028981
17.987010 -3.164569378 0.015972825 1.073457837 0.006026696 -0.041492689 -0.014818084 0.999010742
18.090880 -3.171332836 0.012434304 1.099120975 0.004857576 -0.037693076 -0.023533363 0.999000371
18.194760 -3.177774668 0.019542016 1.142943978 0.000654832 -0.036443651 -0.012140187 0.999261737
18.298510 -3.177013159 0.021631414 1.177028537 0.000666333 -0.035965849 -0.014001407 0.999254704
18.402390 -3.174121380 0.012588624 1.190059423 -0.003564890 -0.032978732 -0.022330832 0.999200225
18.506260 -3.169077396 0.019674212 1.214408875 0.001490009 -0.035152547 -0.020774890 0.999164879
18.610130 -3.158232450 0.022425687 1.236035943 0.003657291 -0.041325156 -0.016173540 0.999008119
18.713910 -3.189674854 0.015283324 1.309070110 0.001335620 -0.033041395 -0.010829306 0.999394417
18.817760 -3.181536198 0.022615097 1.333791614 0.004183402 -0.034914006 -0.007879425 0.999350488
18.921640 -3.202761412 0.006130706 1.385904908 -0.000907636 -0.029122818 -0.015718319 0.999451816
19.025510 -3.196039677 0.010757674 1.427558303 0.001787204 -0.032185115 -0.013347956 0.999391198
19.129390 -3.185647726 0.014830588 1.440923333 0.003190018 -0.035373811 -0.014779348 0.999259770
19.233260 -3.184703350 0.015203653 1.468970776 0.003841913 -0.037834600 -0.014385982 0.999173045
19.337010 -3.205504417 0.009792292 1.513895988 0.000694594 -0.035207979 -0.012212163 0.999305129
19.440890 -3.209779978 0.007709748 1.550166845 0.000536481 -0.036363348 -0.015547642 0.999217510
19.544760 -3.210626125 0.006161483 1.575053096 0.002644022 -0.037840232 -0.014878800 0.999169528
19.648510 -3.214982510 0.006532958 1.619464993 0.004948661 -0.038702779 -0.016931355 0.999095082
19.752390 -3.215194464 0.003856645 1.633439779 0.005335202 -0.038940217 -0.020005714 0.999027014
19.856260 -3.217049122 0.004444026 1.671643257 0.004621771 -0.040635955 -0.017458567 0.999010801
19.960140 -3.219214201 -0.003113155 1.705965757 0.002205299 -0.041729964 -0.018106494 0.998962402
20.064010 -3.226357460 0.003103030 1.753931999 0.003252434 -0.043230638 -0.013209342 0.998972535
20.167930 -3.230180740 0.002685893 1.790435791 0.001450633 -0.043616790 -0.013181704 0.998960316
20.271890 -3.233767033 0.002306058 1.827011585 -0.000896141 -0.044001222 -0.012923664 0.998947501
20.375760 -3.236377239 0.001557134 1.863094568 -0.002208123 -0.043975078 -0.012915821 0.998946667
20.479750 -3.238636255 0.002051327 1.899476528 -0.001439657 -0.044008601 -0.013715717 0.998935997
20.583640 -3.237220287 0.000917623 1.932485223 -0.000971576 -0.045137025 -0.013823367 0.998884678
20.687510 -3.234317541 -0.001662404 1.963073492 -0.000913608 -0.045563761 -0.016592750 0.998823225
20.791530 -3.248697519 0.000007621 2.011662722 0.000412945 -0.040450193 -0.011603246 0.999114096
20.895390 -3.247947931 0.001138098 2.046280861 0.001394694 -0.040867653 -0.011353379 0.999099076
20.999260 -3.254196644 0.000876554 2.086240530 -0.000004543 -0.039074671 -0.010618010 0.999179900
21.103270 -3.254833937 -0.000173288 2.123652220 -0.000921274 -0.039272562 -0.010417955 0.999173820
21.207140 -3.255849123 0.001146551 2.161013842 -0.000406652 -0.039482765 -0.010455352 0.999165475
21.311120 -3.260285378 0.000963812 2.194775343 0.001534894 -0.038288001 -0.013195381 0.999178410
21.415040 -3.261105299 -0.000075768 2.229497194 0.003246168 -0.038590241 -0.012248829 0.999174774
21.519010 -3.260910034 -0.002753597 2.269345045 0.005371223 -0.039311539 -0.008633438 0.999175251
21.622900 -3.272079706 -0.004336786 2.307622194 0.008560921 -0.036576480 -0.014238466 0.999192774
21.726890 -3.275313139 -0.005382915 2.344012737 0.008962162 -0.035949260 -0.013928989 0.999216318
21.830760 -3.278142929 -0.006731009 2.378775835 0.006411151 -0.035563890 -0.013843045 0.999250948
21.934640 -3.283423424 -0.007317491 2.414614439 0.002946766 -0.034103431 -0.014871492 0.999303341
22.038660 -3.287609577 -0.007705730 2.450207233 -0.000480377 -0.033801544 -0.016326956 0.999295056
22.142620 -3.290549040 -0.008997318 2.483858347 -0.000984040 -0.035756476 -0.011204191 0.999297202
22.246540 -3.288751841 -0.009543979 2.523425102 0.000227576 -0.039114080 -0.007916535 0.999203384
22.350390 -3.291726828 -0.010588855 2.558686972 0.000738453 -0.040380578 -0.007089034 0.999158919
22.454390 -3.294943810 -0.010195054 2.594157696 0.003282842 -0.041939642 -0.008490172 0.999078691
22.558370 -3.299076796 -0.011282670 2.628346920 0.004343553 -0.042828087 -0.008116815 0.999040067
22.662270 -3.302124500 -0.011556340 2.662149668 0.006477427 -0.045164518 -0.008106031 0.998925686
22.766140 -3.305292606 -0.011434831 2.695421457 0.009102169 -0.047386471 -0.008991872 0.998794675
22.870160 -3.309569597 -0.015186312 2.731375694 0.007552652 -0.048417196 -0.013344417 0.998709500
22.974020 -3.311758041 -0.015565020 2.764132261 0.007304374 -0.050978050 -0.015103472 0.998558879
23.078010 -3.317290545 -0.017004844 2.800456047 0.003925593 -0.052384540 -0.016285935 0.998486459
23.181990 -3.321300983 -0.017717734 2.834751606 0.001258210 -0.054378487 -0.016407836 0.998384774
23.285910 -3.325887680 -0.017481040 2.867950678 0.000485054 -0.056153253 -0.018303398 0.998254240
23.389770 -3.331779480 -0.018184891 2.899203777 0.000024763 -0.057955042 -0.018471783 0.998148263
23.493760 -3.333694696 -0.019228328 2.936464310 -0.002880516 -0.063211478 -0.015134512 0.997881234
23.597640 -3.336586714 -0.018898139 2.966817856 -0.002205655 -0.067581706 -0.015080371 0.997597337
23.701510 -3.344485998 -0.021110835 2.998805046 -0.002269759 -0.069569290 -0.013202407 0.997487187
23.805540 -3.348717213 -0.020386642 3.033477545 -0.000035142 -0.072333701 -0.018856237 0.997202218
23.909390 -3.353374481 -0.020941982 3.065028191 0.001312949 -0.075350761 -0.018165370 0.996990740
24.013390 -3.358042717 -0.021551047 3.095862627 0.001633106 -0.078386255 -0.016654469 0.996782601
24.117270 -3.365177870 -0.021738302 3.129513979 -0.000318968 -0.080234498 -0.020254534 0.996570170
24.221270 -3.370543480 -0.022157574 3.160897255 -0.002415979 -0.083469920 -0.020135494 0.996303916
24.325140 -3.374751806 -0.022102620 3.192930460 -0.002702777 -0.087741092 -0.019428881 0.995950162
24.429140 -3.382653952 -0.022769965 3.222370148 -0.001395142 -0.089967057 -0.018671622 0.995768726
24.533020 -3.388741493 -0.022714362 3.249622822 0.002410874 -0.093754664 -0.020437006 0.995382667
24.636890 -3.394299746 -0.023410268 3.281231642 0.003049069 -0.098801561 -0.017730320 0.994944513
24.740760 -3.401347637 -0.024444766 3.316556215 0.001206942 -0.104366168 -0.016860800 0.994395256
24.844640 -3.409472942 -0.023656705 3.345989704 -0.001135723 -0.109237351 -0.017344823 0.993863702
24.948510 -3.415211916 -0.023923421 3.375123978 -0.005277027 -0.116229743 -0.014882354 0.993096828
25.052390 -3.424536943 -0.024213433 3.406288624 -0.006958106 -0.121404573 -0.018137237 0.992412984
25.156270 -3.431952953 -0.025284626 3.439389944 -0.004860980 -0.128065065 -0.018829219 0.991575062
25.260140 -3.439835787 -0.022309355 3.468964577 0.001772182 -0.134472132 -0.023131238 0.990645766
25.364010 -3.450054169 -0.023630515 3.494255066 0.003351628 -0.140270472 -0.018072391 0.989942610
25.467890 -3.460143089 -0.024344718 3.518061876 0.000547777 -0.145817533 -0.019617137 0.989116848
25.571790 -3.470891714 -0.027402109 3.537734270 -0.004599237 -0.151053742 -0.015308856 0.988396287
25.675640 -3.479643345 -0.025258768 3.584603071 -0.006323557 -0.157974824 -0.018445151 0.987250566
25.779520 -3.489402056 -0.024674928 3.614278793 -0.004975790 -0.164939016 -0.018509667 0.986117482
25.883390 -3.499621391 -0.023131933 3.646122456 -0.001697825 -0.171259925 -0.018071325 0.985058665
25.987390 -3.512331963 -0.025242841 3.670868397 0.000145126 -0.174681544 -0.016698096 0.984483361
26.091270 -3.528252602 -0.023974283 3.690890551 0.003302330 -0.176320061 -0.017849313 0.984165490
26.195270 -3.534153461 -0.025927188 3.735055447 0.003864458 -0.183298260 -0.014612162 0.982941151
26.299290 -3.546713591 -0.026817238 3.763045073 0.004160185 -0.187223777 -0.016970687 0.982161880
26.403140 -3.561222553 -0.027848203 3.784479141 0.002675033 -0.190364480 -0.015275076 0.981590986
26.507020 -3.574048996 -0.027587570 3.817065239 -0.000500979 -0.194425538 -0.013628021 0.980822504
26.611020 -3.588265657 -0.026790453 3.843189001 -0.003967800 -0.196691319 -0.014836366 0.980345130
26.714890 -3.606516123 -0.028568344 3.868270159 -0.007257927 -0.197143227 -0.021073990 0.980121315
26.818890 -3.612128973 -0.027247136 3.910441875 -0.004470683 -0.204944372 -0.025587786 0.978428900
26.922890 -3.626017809 -0.025390470 3.936378002 0.000217133 -0.207147673 -0.026432643 0.977952540
27.026890 -3.639229536 -0.027742947 3.957970858 0.001803518 -0.209442347 -0.022449350 0.977561593
27.130890 -3.651470184 -0.026583113 3.986513853 0.002947306 -0.212002993 -0.022799769 0.976998568
27.234770 -3.664120436 -0.028477836 4.018934250 0.000590637 -0.215245157 -0.024521293 0.976251960
27.338640 -3.680268288 -0.029119803 4.057409286 -0.001832001 -0.218189403 -0.024194339 0.975604773
27.442660 -3.695343018 -0.026697835 4.085335732 0.000462477 -0.219776362 -0.026005244 0.975203514
27.546520 -3.711015224 -0.023163496 4.125317097 0.006305987 -0.222978950 -0.025783813 0.974461794
27.650520 -3.726282835 -0.031717893 4.144467831 0.004131496 -0.225145876 -0.019332025 0.974124491
27.754390 -3.739023447 -0.032921080 4.168882847 0.005091315 -0.227998033 -0.020231802 0.973438084
27.858410 -3.757538319 -0.038371090 4.187297821 0.000487838 -0.227443725 -0.020769021 0.973569632
27.962300 -3.768684387 -0.029714154 4.227390289 0.004510057 -0.232261032 -0.024049148 0.972345650
28.066150 -3.782750607 -0.029542061 4.259923935 0.004826410 -0.235776484 -0.025708729 0.971455216
28.170020 -3.799401522 -0.031141423 4.289196968 0.003838418 -0.237453178 -0.024869509 0.971072972
28.274040 -3.815212011 -0.030699385 4.317382812 0.004260376 -0.239516914 -0.023371253 0.970601499
28.377890 -3.830021143 -0.031937163 4.345301151 0.003490339 -0.241497055 -0.024040576 0.970097423
28.481890 -3.845491409 -0.032057110 4.372804165 0.003255356 -0.244049340 -0.022861281 0.969487846
28.585770 -3.858235598 -0.030552490 4.405592442 0.005144082 -0.247575477 -0.025537184 0.968518317
28.689660 -3.874341965 -0.032335583 4.426901817 0.005033728 -0.250066638 -0.020945763 0.967988968
28.793670 -3.887940168 -0.034543805 4.453546524 0.006335799 -0.252716035 -0.021283394 0.967285633
28.897520 -3.901893377 -0.037267700 4.481139183 0.007474395 -0.254874676 -0.022784976 0.966676712
29.001520 -3.913768291 -0.039091725 4.508708954 0.004805327 -0.258075744 -0.022684623 0.965846360
29.105390 -3.926129818 -0.038173024 4.533147335 0.000725045 -0.260374337 -0.023493793 0.965221584
29.209390 -3.942888498 -0.040088840 4.558329105 -0.003905675 -0.260613501 -0.025083954 0.965109408
29.313270 -3.959047556 -0.040233184 4.582306862 -0.006154079 -0.261436582 -0.025248127 0.964870751
29.417270 -3.972610474 -0.039760560 4.605369568 -0.006418611 -0.263007283 -0.024610875 0.964458525
29.521140 -3.990142107 -0.038306210 4.632277489 -0.004112854 -0.264210612 -0.023402503 0.964172304
29.625020 -4.004346371 -0.039600786 4.657597065 -0.002580994 -0.265892237 -0.026081158 0.963646412
29.729040 -4.011554718 -0.040466037 4.680981636 -0.003978905 -0.270816714 -0.020867497 0.962396502
29.832900 -4.029911995 -0.035101335 4.707016945 -0.001753330 -0.271678627 -0.016155096 0.962250829
29.936770 -4.047000885 -0.034738824 4.728503227 -0.001981238 -0.271552265 -0.016071843 0.962287426
30.040770 -4.058259010 -0.032969724 4.752377510 -0.001724236 -0.274221659 -0.015134615 0.961545885
30.144650 -4.069527149 -0.032299306 4.771207809 -0.001482760 -0.275425315 -0.014909043 0.961205721
30.248520 -4.078999043 -0.035749193 4.791303635 -0.004118781 -0.278662294 -0.012553336 0.960298300
30.352400 -4.086545467 -0.033489589 4.819416523 -0.003168185 -0.284950346 -0.009304296 0.958491921
30.456270 -4.103751659 -0.034472276 4.826358795 -0.000853123 -0.279527307 -0.013529376 0.960042059
30.560270 -4.112804890 -0.034550339 4.841830254 0.000629638 -0.282201439 -0.009931357 0.959303558
30.664040 -4.121917725 -0.036446515 4.854620457 -0.000326653 -0.284410238 -0.005189573 0.958688617
30.767900 -4.135118484 -0.057675269 4.864511967 -0.011221522 -0.281340569 -0.016869834 0.959394097
30.871790 -4.151525021 -0.043966278 4.887644291 -0.004627130 -0.284513324 -0.010518167 0.958603203
30.975650 -4.180835724 -0.036885947 4.903241634 -0.000175781 -0.279417664 -0.010948954 0.960107207
31.079540 -4.169601917 -0.047667414 4.910581112 -0.008155076 -0.291070521 -0.018822340 0.956481695
31.183270 -4.179555893 -0.035428949 4.916922569 -0.004750023 -0.290826619 -0.017242521 0.956608593
31.287140 -4.188395977 -0.030769946 4.936222076 -0.003566029 -0.297734767 -0.013095074 0.954552114
31.390900 -4.210077763 -0.021660585 4.952126980 0.001624548 -0.297437191 -0.005132056 0.954726219
31.494660 -4.215311050 -0.011730518 4.965422153 0.008542030 -0.304965615 0.001253124 0.952324271
31.598390 -4.213180065 -0.012953069 4.969341755 0.005324502 -0.314645201 -0.000686760 0.949194193
31.702150 -4.219110966 -0.012065253 4.970411301 0.004414547 -0.321565926 0.003128991 0.946871758
31.805770 -4.232507706 -0.013162729 4.981006145 0.005845001 -0.327765048 -0.001235130 0.944740415
31.909520 -4.245388508 -0.001905270 4.993735313 0.015580490 -0.336642742 0.002805860 0.941499352
32.013150 -4.245353699 -0.001345987 5.000241756 0.018472256 -0.350647658 0.003329132 0.936319351
32.116900 -4.242351055 -0.001281832 5.000642300 0.020761931 -0.363810927 0.003215992 0.931235850
32.220650 -4.242819309 -0.000423030 5.005675316 0.023828231 -0.378747582 0.003135494 0.925187886
32.324400 -4.240678787 -0.001510293 5.012292862 0.025641454 -0.394286394 -0.005265173 0.918614745
32.428170 -4.251618862 0.004457147 5.026455879 0.032072999 -0.406415790 -0.003309868 0.913119137
32.531770 -4.262496471 0.008988698 5.037360668 0.035634313 -0.417155892 -0.000215063 0.908136070
32.635530 -4.269258499 0.010038428 5.045225620 0.037716568 -0.431589544 0.000033752 0.901281297
32.739270 -4.283468723 0.007000562 5.042863846 0.032809757 -0.438462943 0.000690447 0.898149908
32.842900 -4.288879395 0.007730794 5.047596455 0.034732159 -0.452820003 -0.003882378 0.890916765
32.946650 -4.297311306 0.008630603 5.053763866 0.034232564 -0.466591954 -0.001493395 0.883808732
33.050400 -4.305828094 0.010537972 5.059305668 0.035948031 -0.482032925 -0.005115302 0.875400364
33.154020 -4.315374851 0.009261588 5.064950943 0.035023309 -0.496918440 -0.007182556 0.867060483
33.257770 -4.319971561 0.008689147 5.070074081 0.035618432 -0.512012124 -0.010711705 0.858172596
33.361650 -4.324515820 0.009210527 5.071009159 0.036538523 -0.524841130 -0.013534497 0.850307882
33.465270 -4.331624031 0.009993945 5.073167324 0.037366409 -0.538297892 -0.012536658 0.841832459
33.569020 -4.345824242 0.011092477 5.077738762 0.041151706 -0.553663313 -0.012411728 0.831630588
33.672790 -4.355219841 0.016639451 5.077510357 0.047728628 -0.567336679 -0.008638942 0.822056234
33.776420 -4.363098145 0.019235050 5.076243401 0.054239113 -0.580450773 -0.011618220 0.812403858
33.880040 -4.369493008 0.018100474 5.082030773 0.051029488 -0.602801085 -0.009615988 0.796199977
33.983650 -4.378225327 0.019512359 5.089507103 0.050707921 -0.626045585 -0.006247286 0.778110921
34.087400 -4.400988102 0.026360249 5.094765663 0.063406467 -0.644578457 -0.007425596 0.761868119
34.191020 -4.420072556 0.029184351 5.089536667 0.067586146 -0.658662975 -0.005480333 0.749376535
34.294770 -4.428946495 0.017543446 5.073760033 0.054821808 -0.667941570 -0.011145266 0.742108107
34.398420 -4.433068275 0.014553815 5.058012009 0.048175778 -0.678743184 -0.012550801 0.732686281
34.502140 -4.434660435 0.005775519 5.056148529 0.036754496 -0.699158192 -0.015590692 0.713851392
34.605900 -4.456680298 -0.029300980 5.113175392 0.006624561 -0.759997725 -0.037211701 0.648825765
34.709660 -4.470836163 -0.034191977 5.143090725 0.003316050 -0.800116301 -0.044351093 0.598193824
34.813400 -4.480576992 -0.016984941 5.151952744 0.016418120 -0.825805902 -0.033962421 0.562691391
34.917150 -4.502253532 -0.021822771 5.129004002 0.006315378 -0.831204832 -0.035040099 0.554825068
35.021020 -4.524581432 0.006865920 5.096838474 0.034205075 -0.828702748 -0.019184826 0.558313251
35.124770 -4.560805321 0.078745261 5.035970688 0.114112295 -0.795699775 0.024876213 0.594324410
35.228670 -4.591282368 0.101543628 5.011985302 0.141842052 -0.792139888 0.046920743 0.591771543
35.332520 -4.612232685 0.100945123 4.993242264 0.147610724 -0.795558274 0.046446696 0.585782170
107.572800 -0.004625898 0.008281345 -0.239338443 0.000627492 -0.055420931 -0.009647802 0.998416245
108.197100 -0.006763936 0.005891513 -0.198240444 0.000871433 -0.050226808 -0.006612982 0.998715580
108.509100 -0.006370098 0.003945903 -0.172016814 0.001704235 -0.044833213 -0.009872399 0.998944223
108.613000 0.019491978 0.068083435 -0.134335786 0.034822494 -0.048221357 -0.034303643 0.997639894
108.717000 0.040153384 0.103803277 -0.099227846 0.053648409 -0.052235223 -0.053340506 0.995765090
108.821000 0.038149498 0.108809464 -0.111508943 0.054191276 -0.048966754 -0.066079147 0.995137751
108.925000 0.024389300 0.102792896 -0.121388741 0.047225945 -0.040777285 -0.063479371 0.996030748
109.028800 0.023191141 0.102714278 -0.108088024 0.047009233 -0.037029956 -0.066079006 0.996018291
109.132800 0.029492734 0.106197886 -0.090321571 0.050881512 -0.036046155 -0.068877846 0.995674431
109.236800 0.028873365 0.104603648 -0.079907797 0.050479606 -0.033821434 -0.070596308 0.995652556
109.340700 0.029017640 0.099376127 -0.070074357 0.047521539 -0.032973316 -0.064410359 0.996245861
109.444700 0.015406927 0.084969640 -0.047299027 0.042224724 -0.026780618 -0.053849585 0.997296393
109.548600 0.008151359 0.066876493 -0.046590749 0.029859027 -0.022388412 -0.043439601 0.998358727
109.652600 0.006380009 0.064074129 -0.039174069 0.027998796 -0.019844886 -0.041676559 0.998541594
109.756500 -0.003852763 0.065825097 -0.032991376 0.028423345 -0.013466530 -0.041392904 0.998647809
109.860500 -0.004625644 0.061122861 -0.021580709 0.026574586 -0.011692032 -0.038099274 0.998852134
109.964400 -0.002762090 0.061428346 -0.010543128 0.028240191 -0.010992090 -0.038559977 0.998796701
110.068200 -0.001619602 0.061570365 0.001499507 0.030383825 -0.011032257 -0.038218778 0.998746455
110.172100 -0.002133695 0.061860379 0.008660387 0.031687599 -0.009877332 -0.039689515 0.998660624
110.276000 0.000034791 0.060585901 0.020699931 0.031615391 -0.010251100 -0.040312570 0.998634219
110.380000 -0.001282694 0.057957601 0.038897693 0.030382663 -0.007998143 -0.043095261 0.998576820
110.484000 -0.004034990 0.056878682 0.051376954 0.029760303 -0.002727100 -0.041083876 0.998708665
110.587800 -0.008033979 0.054448321 0.062919974 0.028870666 0.002990069 -0.035163391 0.998960018
110.691700 -0.008681459 0.054641377 0.076883681 0.031319655 0.005406166 -0.032215632 0.998975515
110.795600 -0.010775235 0.054995071 0.090260237 0.034144036 0.004548015 -0.031693410 0.998903871
110.899200 -0.012463482 0.053147640 0.105561092 0.034712065 -0.000681849 -0.033418167 0.998838246
111.002900 -0.014058752 0.052759934 0.118349478 0.036817789 -0.008550224 -0.036368247 0.998623371
111.106600 -0.013528229 0.053191982 0.124385148 0.038336422 -0.019122509 -0.039570995 0.998297930
111.210200 -0.016375057 0.052529439 0.136281997 0.038815740 -0.028336527 -0.039397258 0.998067260
111.314000 -0.023185978 0.051292576 0.150461346 0.038314868 -0.036861554 -0.037846275 0.997868180
111.417700 -0.025994116 0.052388314 0.160523444 0.036419615 -0.048688348 -0.039701052 0.997359931
111.521300 -0.030127048 0.051726054 0.172310650 0.032836672 -0.060867153 -0.041655678 0.996735513
111.625100 -0.034040391 0.051044475 0.185818493 0.030314457 -0.074099772 -0.043952823 0.995820463
111.728700 -0.041614380 0.050470900 0.197831705 0.028665539 -0.083523616 -0.046685632 0.994998753
111.832500 -0.046151318 0.051156741 0.209413454 0.027858747 -0.095198974 -0.045998327 0.994004607
111.936400 -0.052405551 0.051101513 0.221367612 0.026571687 -0.104192354 -0.045679428 0.993152201
112.040200 -0.058656793 0.051146775 0.233288407 0.025351677 -0.109649837 -0.046542805 0.992556274
112.144200 -0.064159043 0.051256448 0.244148597 0.024151774 -0.112011127 -0.050496288 0.992129147
112.248300 -0.070171982 0.051756535 0.255265623 0.023657866 -0.111874513 -0.051687639 0.992095113
112.352500 -0.074174061 0.051740110 0.264152080 0.023749644 -0.107888833 -0.053225964 0.992452979
112.456700 -0.078522421 0.050596755 0.277305752 0.023653541 -0.103132136 -0.052728418 0.992987394
112.561000 -0.075705148 0.050403308 0.285087019 0.022785297 -0.102026090 -0.047598276 0.993381083
112.665100 -0.079571553 0.049973004 0.293456465 0.021819374 -0.095805123 -0.046388671 0.994079173
112.769200 -0.078449585 0.049923126 0.296661556 0.021992344 -0.090322256 -0.047463369 0.994537830
112.873300 -0.077793077 0.048863664 0.299441338 0.021282531 -0.084978282 -0.048208930 0.994988263
112.977500 -0.076848306 0.047860693 0.303116351 0.022189375 -0.081387110 -0.049130272 0.995223582
113.081600 -0.077550925 0.048257481 0.308086514 0.023843983 -0.077469215 -0.047551543 0.995574594
113.185700 -0.080928914 0.050301220 0.312118858 0.025291406 -0.074023888 -0.044345286 0.995948911
113.289700 -0.084298037 0.049076684 0.315851301 0.025146417 -0.070438385 -0.044570256 0.996202588
113.393700 -0.082835220 0.049009703 0.314921319 0.025241498 -0.070068680 -0.043411788 0.996277392
113.497700 -0.082476765 0.048891019 0.315257162 0.025442291 -0.070642620 -0.044827469 0.996169090
113.601700 -0.082178541 0.047121242 0.314751118 0.025774954 -0.070541441 -0.048898626 0.995976150
113.705700 -0.083261043 0.047601480 0.314009249 0.029094290 -0.069277272 -0.048828796 0.995976865
113.809700 -0.085693814 0.046825837 0.317415774 0.029592909 -0.069497824 -0.046378661 0.996063948
113.913600 -0.084573306 0.048104271 0.316763580 0.029898411 -0.069459364 -0.045737751 0.996087074
114.017600 -0.085687473 0.047755402 0.318097502 0.029336948 -0.069793105 -0.045537408 0.996089637
114.121600 -0.082563981 0.047174197 0.316239089 0.028653329 -0.071441948 -0.045744110 0.995983183
114.225600 -0.082812883 0.047644686 0.316182733 0.028615808 -0.070870176 -0.045551814 0.996033907
114.329600 -0.083780214 0.047125459 0.316855192 0.028351791 -0.070490956 -0.045838546 0.996055245
