0.519499 -0.001562706 -0.000140147 0.013652064 0.001715375 -0.020820992 -0.001006695 0.999781251
0.623377 -0.002055041 -0.000166833 0.016892958 0.002150020 -0.027579172 -0.000905006 0.999616921
0.727122 -0.009159337 -0.000577588 0.032241650 0.002051990 -0.033380702 -0.001081845 0.999440014
0.830874 -0.017271161 -0.000546291 0.068843596 0.002181895 -0.040804263 -0.000370174 0.999164701
0.934622 -0.022560803 -0.000269163 0.080328695 0.002557504 -0.049483262 0.000148096 0.998771667
1.038404 -0.005597500 -0.000302907 0.033174820 0.002457938 -0.066155538 0.000590432 0.997806072
1.142127 -0.007009183 -0.000502507 0.037622422 0.003256505 -0.078218333 -0.001279494 0.996930122
1.245873 -0.012336189 -0.000438738 0.048748694 0.004527228 -0.090236627 -0.003743709 0.995903015
1.349627 -0.019773303 0.000035709 0.062492762 0.005849035 -0.102617539 -0.005487223 0.994688570
1.453253 -0.014343387 -0.000952401 0.058574915 0.005210801 -0.119462155 -0.005622712 0.992809176
1.556997 -0.019853381 -0.000116921 0.069115579 0.005888985 -0.134662554 -0.006555991 0.990852296
1.660772 -0.025290156 -0.000691000 0.078947812 0.005272794 -0.150825009 -0.007557842 0.988517523
1.764374 -0.020845074 -0.001253623 0.069361933 0.004663505 -0.169089004 -0.008968893 0.985548973
1.868002 -0.023096796 -0.001349773 0.072486497 0.004791017 -0.186670199 -0.010342601 0.982356489
1.971750 -0.028547689 -0.000770675 0.080305830 0.005514025 -0.203955591 -0.010918120 0.978903770
2.075498 -0.033536170 -0.000953800 0.087845586 0.005445970 -0.222525343 -0.012138946 0.974836171
2.179126 -0.038925458 -0.000665825 0.095395274 0.005993247 -0.242500409 -0.009818779 0.970083117
2.282875 -0.037570611 -0.001403486 0.092945434 0.004957019 -0.263696551 -0.007992296 0.964559853
2.386504 -0.042073462 -0.001562375 0.097947463 0.003614993 -0.286266237 -0.008533910 0.958105266
2.490144 -0.048226640 -0.001521259 0.102868095 0.002973642 -0.309694856 -0.011428379 0.950762689
2.593620 -0.053913206 -0.001363140 0.107999258 0.003312390 -0.335438818 -0.012904251 0.941967785
2.697329 -0.058852725 -0.001922782 0.112499058 0.002386076 -0.361381114 -0.012860122 0.932326436
2.800890 -0.065195367 -0.002129638 0.117044233 0.000965948 -0.387838900 -0.010736827 0.921664119
2.904641 -0.072045691 -0.001888548 0.121887416 0.000032371 -0.414422512 -0.007931619 0.910049975
3.008248 -0.079315715 -0.000916536 0.125092342 0.000160724 -0.439799905 -0.005314615 0.898080051
3.112001 -0.087659746 -0.001742316 0.130344033 -0.002744662 -0.467019260 -0.006530313 0.884218752
3.215751 -0.096262224 -0.001600880 0.134130180 -0.003697523 -0.493569195 -0.006311174 0.869675756
3.319374 -0.105499670 -0.001614045 0.137277663 -0.004946031 -0.519341350 -0.006447690 0.854528248
3.423126 -0.115219437 -0.001577729 0.141000152 -0.006368504 -0.545771182 -0.006814645 0.837882340
3.526893 -0.125857979 -0.001316966 0.143018007 -0.006881858 -0.570017874 -0.007474852 0.821569443
3.630648 -0.136645824 -0.001399839 0.145133883 -0.009334827 -0.593880296 -0.008039140 0.804459155
3.734395 -0.147857681 -0.001742150 0.147397861 -0.012104546 -0.616683722 -0.007601534 0.787081242
3.838251 -0.161823198 -0.001192229 0.148554265 -0.012113627 -0.636278868 -0.006809504 0.771333933
3.942122 -0.174815729 -0.000840895 0.148832843 -0.010664787 -0.654338360 -0.008995056 0.756073177
4.046284 -0.188383564 -0.000031985 0.148910075 -0.009175532 -0.670255303 -0.009070371 0.742018402
4.150266 -0.202943072 0.001064595 0.148770407 -0.005867695 -0.684593022 -0.009874922 0.728834987
4.254380 -0.217728391 0.000097602 0.149085999 -0.008200212 -0.697269201 -0.007887822 0.716719091
4.358512 -0.232742831 0.000241603 0.148093536 -0.007436928 -0.708326757 -0.006865258 0.705812097
4.462646 -0.247579083 0.000745364 0.146566063 -0.005589196 -0.717471719 -0.006503051 0.696534812
4.566885 -0.263224632 0.001306068 0.144520923 -0.003037545 -0.724244237 -0.007052612 0.689500749
4.671250 -0.279226780 0.002556181 0.142017886 -0.000638738 -0.729285538 -0.007455649 0.684168577
4.775500 -0.300958753 0.002008791 0.142045170 -0.005078195 -0.734849453 -0.005304745 0.678190529
4.879959 -0.318929106 0.002069199 0.140311599 -0.005259215 -0.738155186 -0.006024359 0.674583554
4.984250 -0.336448282 0.002727601 0.138222173 -0.004083146 -0.740420938 -0.007210340 0.672092497
5.088502 -0.355097562 0.003095138 0.135598227 -0.005321719 -0.741983533 -0.006668158 0.670363784
5.192878 -0.376349032 0.002672240 0.133712530 -0.006052928 -0.742300868 -0.007267479 0.670000017
5.297154 -0.393753201 0.001494592 0.131901592 -0.009126787 -0.741926908 -0.007601995 0.670375586
5.401501 -0.413410127 0.001511205 0.129130334 -0.010258126 -0.741005778 -0.009181369 0.671357572
5.505749 -0.438636243 0.002860248 0.127327695 -0.007850721 -0.740945220 -0.009046275 0.671458602
5.610008 -0.458715588 0.002735869 0.125411019 -0.006720369 -0.740359366 -0.009095686 0.672116160
5.714253 -0.482084185 0.005109562 0.123886548 -0.005773276 -0.740740895 -0.006950498 0.671730101
5.818377 -0.505059361 0.005570154 0.123348854 -0.006406691 -0.741363466 -0.008412449 0.671020389
5.922523 -0.529448569 0.004443223 0.118026093 -0.007557477 -0.738615513 -0.011740131 0.673982322
6.026772 -0.551799953 0.005493089 0.116860971 -0.007655564 -0.738739550 -0.012025401 0.673840225
6.130876 -0.577138603 0.005549021 0.112262197 -0.005822561 -0.736964345 -0.013517060 0.675771356
6.235023 -0.601764262 0.007034873 0.108847372 -0.003171611 -0.735753179 -0.012501203 0.677126944
6.339025 -0.624044478 0.007071028 0.109902084 -0.002469853 -0.736912787 -0.013201022 0.675854385
6.443143 -0.650333583 0.006186373 0.107329533 -0.006424902 -0.735864282 -0.013131371 0.676971197
6.547271 -0.669697583 0.006972015 0.106758691 -0.007752994 -0.736389279 -0.011716534 0.676412165
6.651280 -0.697198689 0.006866194 0.103231668 -0.008449300 -0.734900951 -0.013746083 0.677982509
6.755380 -0.720537663 0.007327186 0.102233715 -0.007592216 -0.735044837 -0.011109746 0.677884996
6.859377 -0.742467940 0.006932217 0.098523721 -0.003895895 -0.733862758 -0.009975085 0.679213345
6.963378 -0.764568627 0.006131817 0.098781884 -0.002906822 -0.734407008 -0.008321587 0.678652108
7.067377 -0.805523038 0.008160244 0.095029123 -0.005707838 -0.735191941 -0.005369885 0.677813649
7.171256 -0.827663600 0.008097727 0.092100307 -0.008337970 -0.734911382 -0.007921037 0.678065658
7.275272 -0.858212173 0.008525291 0.089724101 -0.010137678 -0.735111773 -0.010897537 0.677782476
7.379272 -0.883269370 0.008820227 0.088231862 -0.010872876 -0.735512435 -0.013805056 0.677283287
7.483251 -0.911314428 0.009532844 0.085627459 -0.011105651 -0.735203445 -0.014251661 0.677605689
7.587271 -0.939875603 0.009105066 0.082782306 -0.009600464 -0.735436440 -0.013971866 0.677381635
7.691129 -0.961782098 0.009547414 0.081776582 -0.008816232 -0.736047387 -0.012382794 0.676759303
7.795131 -0.989686251 0.010712614 0.080634080 -0.008775485 -0.736695409 -0.012262420 0.676056564
7.899003 -1.016855597 0.008595769 0.076724887 -0.007222436 -0.735948861 -0.017145801 0.676781476
8.003004 -1.038210869 0.011500673 0.077712685 -0.007828853 -0.737133622 -0.014585637 0.675544262
8.107005 -1.071535587 0.011753083 0.070801690 -0.006271664 -0.735425651 -0.012992436 0.677451789
8.211004 -1.096298456 0.009950698 0.066609815 -0.004639985 -0.734751403 -0.012953022 0.678196907
8.315006 -1.123615503 0.010603306 0.063500762 -0.003005555 -0.734584332 -0.013870466 0.678368926
8.418880 -1.150248766 0.009325398 0.059900668 -0.006201140 -0.734489679 -0.014142871 0.678444147
8.522877 -1.173376918 0.011140998 0.061731715 -0.008600479 -0.735324919 -0.013888394 0.677517772
8.626899 -1.196025252 0.013302464 0.056816831 -0.010143745 -0.734067559 -0.015312335 0.678828001
8.730751 -1.221938133 0.011752537 0.054102957 -0.011058577 -0.734437585 -0.017526826 0.678359747
8.834756 -1.257215619 0.014820840 0.054656621 -0.010198014 -0.734541297 -0.017736450 0.678255498
8.938756 -1.281720877 0.016045067 0.051819067 -0.008013126 -0.734233558 -0.015582461 0.678670824
9.042758 -1.305593252 0.016438643 0.049600407 -0.006425592 -0.734306157 -0.013504278 0.678653657
9.146631 -1.335830212 0.015020968 0.043610070 -0.006037135 -0.733003974 -0.014175924 0.680049837
9.250652 -1.358300567 0.015907168 0.044098396 -0.003982193 -0.734186471 -0.015299583 0.678763807
9.354505 -1.384214282 0.014367084 0.043034773 -0.003723766 -0.734899700 -0.014373850 0.678013146
9.458529 -1.411497355 0.015625939 0.039971553 -0.003925047 -0.735223532 -0.010696996 0.677728951
9.562503 -1.441171288 0.017230073 0.036352776 -0.003962237 -0.734805405 -0.008785878 0.678209484
9.666385 -1.465191722 0.016886597 0.033652496 -0.006244014 -0.735201478 -0.009353132 0.677755356
9.770380 -1.492261529 0.017388569 0.033934321 -0.008126339 -0.736466825 -0.012091331 0.676316798
9.874249 -1.518967628 0.017419200 0.030938724 -0.008333036 -0.736988723 -0.013129084 0.675726175
9.978133 -1.544224024 0.018059451 0.030090794 -0.009109815 -0.738004625 -0.011533489 0.674635589
10.082130 -1.569183946 0.016814930 0.027376164 -0.008844803 -0.738094211 -0.011205678 0.674546659
10.186010 -1.593507051 0.017058829 0.024004890 -0.006367792 -0.738727570 -0.010859448 0.673886538
10.290010 -1.620498300 0.017675504 0.019280124 -0.004009053 -0.738276362 -0.012259768 0.674375057
10.393880 -1.647255182 0.017904554 0.018416159 -0.003050603 -0.739196479 -0.014288849 0.673331320
10.497760 -1.674129844 0.017192401 0.015889822 -0.003868872 -0.739605010 -0.015161963 0.672859251
10.601750 -1.698963165 0.016906245 0.012808560 -0.002350863 -0.739443958 -0.017214905 0.672993898
10.705630 -1.728719950 0.018052796 0.001102362 -0.001254436 -0.737574577 -0.016987853 0.675050795
10.809650 -1.749414444 0.019275794 0.006392034 -0.003187164 -0.739741802 -0.016024066 0.672692478
10.913510 -1.770898938 0.018358160 0.002401334 -0.004654788 -0.739224315 -0.016900133 0.673231125
11.017510 -1.794953585 0.019963218 -0.000569570 -0.004240663 -0.739108086 -0.018868901 0.673309207
11.121380 -1.818144917 0.019180143 -0.005794225 -0.006447247 -0.738894284 -0.019606151 0.673505306
11.225380 -1.847132325 0.019906148 -0.000558776 -0.007647987 -0.741104305 -0.017577397 0.671116173
11.329280 -1.871314645 0.014723087 -0.007152135 -0.010536296 -0.740236223 -0.016450031 0.672062993
11.433260 -1.894019485 0.019078890 -0.008102168 -0.007385739 -0.740766108 -0.014761611 0.671560228
11.537150 -1.917540193 0.016922032 -0.009981244 -0.007054359 -0.740862966 -0.014613931 0.671460152
11.641130 -1.940286875 0.018987551 -0.010683235 -0.006063250 -0.741132557 -0.011665589 0.671230018
11.745130 -1.965753436 0.018111121 -0.011238537 -0.004775059 -0.740692079 -0.013545898 0.671691060
11.849140 -1.989631414 0.021841984 -0.014602507 -0.002731940 -0.738574922 -0.013957082 0.674021363
11.953260 -2.010602951 0.024883891 -0.014879813 -0.001079009 -0.737228394 -0.014871365 0.675479114
12.057260 -2.029271841 0.023118101 -0.016043682 -0.003230649 -0.734961510 -0.014981875 0.677935600
12.161380 -2.050303936 0.025468061 -0.017846460 -0.002690231 -0.731975138 -0.014063759 0.681180835
12.265510 -2.068582773 0.022178786 -0.017914165 -0.004645491 -0.728435099 -0.016036993 0.684911311
12.369630 -2.091073513 0.024730129 -0.017304363 -0.002873660 -0.723460019 -0.017234232 0.690145195
12.473910 -2.103602409 0.023228241 -0.021558456 -0.003679959 -0.715796471 -0.019010428 0.698040426
12.578130 -2.120347977 0.022878457 -0.022496801 -0.003695154 -0.707960367 -0.019297516 0.705978811
12.682390 -2.137148380 0.023310982 -0.021832390 -0.004505360 -0.698992014 -0.018058838 0.714887261
12.786780 -2.154465199 0.022677712 -0.017267577 -0.005419321 -0.689331949 -0.016991669 0.724226058
12.891130 -2.166690350 0.019364541 -0.018851601 -0.008266240 -0.676402926 -0.017204203 0.736284494
12.995510 -2.184350967 0.018030876 -0.013660541 -0.009899873 -0.662967980 -0.017264068 0.748383164
13.099880 -2.198793650 0.023151809 -0.012913995 -0.006252854 -0.646214724 -0.016225418 0.762957513
13.204380 -2.211629868 0.021244425 -0.010261135 -0.009543034 -0.628473759 -0.015063630 0.777626395
13.308760 -2.221655369 0.018692194 -0.009209638 -0.012431174 -0.607808173 -0.013479481 0.793872118
13.413260 -2.238865852 0.023360705 0.002720809 -0.010220671 -0.588849068 -0.009793255 0.808118999
13.517630 -2.251752853 0.024049602 0.008136833 -0.010124458 -0.566065550 -0.006271814 0.824274182
13.622130 -2.263627052 0.023994524 0.015396803 -0.010731849 -0.542916596 -0.003280966 0.839711666
13.726510 -2.275451422 0.024440957 0.024043616 -0.010898232 -0.519856811 -0.002669858 0.854179740
13.830760 -2.286926031 0.024190692 0.031018931 -0.012648420 -0.495113850 -0.001158049 0.868735194
13.935130 -2.298614264 0.025934394 0.040555529 -0.012983068 -0.471897990 0.002294490 0.881554544
14.039380 -2.311217546 0.027664395 0.051066391 -0.014616166 -0.447851807 0.007467686 0.893957138
14.143650 -2.319833994 0.025541749 0.061552353 -0.015362355 -0.424013466 0.007473289 0.905494750
14.247880 -2.328937769 0.027180972 0.073507048 -0.011334992 -0.401939690 0.010594212 0.915534675
14.352150 -2.334500074 0.024323318 0.080168702 -0.006858164 -0.373804599 0.008432841 0.927443802
14.456380 -2.340349913 0.023817567 0.091559298 -0.005089256 -0.348436236 0.010917835 0.937255085
14.560630 -2.352553606 0.026956530 0.105234221 0.005339376 -0.317702681 0.004233299 0.948165894
14.664880 -2.358721018 0.022734033 0.117713198 0.002918318 -0.288879365 0.001758415 0.957359433
14.769010 -2.368666172 0.024412505 0.133750454 0.002171212 -0.261689425 0.006697055 0.965126455
14.873160 -2.375818729 0.024031390 0.149605349 0.001578502 -0.235444576 0.006076125 0.971867502
14.977150 -2.378337622 0.022374567 0.165982991 0.000870212 -0.213940769 0.001725345 0.976844728
15.081160 -2.384449005 0.024824772 0.182798401 0.003234049 -0.191748843 0.001780485 0.981437087
15.185010 -2.391835213 0.023859544 0.200037375 0.002654552 -0.171765670 -0.001449454 0.985133231
15.288760 -2.402009964 0.023250105 0.220933452 0.001709864 -0.154033825 -0.002404882 0.988061190
15.392480 -2.407247543 0.023034297 0.240579575 0.000852865 -0.141463056 -0.001934831 0.989941299
15.496190 -2.412675858 0.021950353 0.256210238 -0.000858773 -0.129910737 -0.002419797 0.991522372
15.599910 -2.415086508 0.021151623 0.278156996 -0.002539699 -0.122208908 -0.002929601 0.992496848
15.703610 -2.422515154 0.022580137 0.303448826 -0.001933383 -0.113541603 -0.005875857 0.993514001
15.807320 -2.425173044 0.021933714 0.322779119 -0.002854865 -0.108057417 -0.006728331 0.994117796
15.911010 -2.431266546 0.023099076 0.346846879 -0.001730969 -0.100237496 -0.006539263 0.994940579
16.014760 -2.435867310 0.023476839 0.369192153 -0.001295597 -0.092587799 -0.006607495 0.995681763
16.118550 -2.440191984 0.022109123 0.394850880 -0.002708026 -0.085847311 -0.007020778 0.996279895
16.222360 -2.444028378 0.021597952 0.418079317 -0.002935421 -0.078226164 -0.006778293 0.996908247
16.326140 -2.446967363 0.021769146 0.443099022 -0.001767682 -0.072838061 -0.007879652 0.997311056
16.429890 -2.452489138 0.021802736 0.467655331 0.001270880 -0.065981776 -0.010313009 0.997766733
16.533760 -2.453423023 0.022303103 0.492398471 0.004630941 -0.062363274 -0.008190309 0.998009145
16.637520 -2.457502365 0.020749202 0.520857751 0.004108543 -0.057770230 -0.008453108 0.998285651
16.741260 -2.461115360 0.020660466 0.546908200 0.001037762 -0.054211106 -0.008254710 0.998494864
16.845140 -2.463615656 0.019840801 0.572346330 -0.002881180 -0.051665973 -0.010487892 0.998605192
16.948890 -2.467309237 0.020215465 0.596330106 -0.004528834 -0.048595063 -0.011073618 0.998746932
17.052630 -2.468647718 0.020096363 0.623528123 -0.003795660 -0.048247699 -0.009385405 0.998784125
17.156420 -2.471446037 0.019148694 0.652334213 -0.003843376 -0.046321947 -0.010803100 0.998860717
17.260280 -2.474007368 0.019498186 0.678120792 -0.004239373 -0.044647511 -0.010214577 0.998941600
17.364000 -2.476412058 0.019078022 0.705155611 -0.005465230 -0.043554273 -0.008937767 0.998996139
17.467890 -2.478785038 0.017623594 0.729228914 -0.008077175 -0.041810591 -0.008171192 0.999059498
17.571660 -2.481876373 0.018166492 0.755299509 -0.006125516 -0.040471267 -0.006820176 0.999138653
17.675510 -2.482761383 0.017937874 0.782949626 -0.001935479 -0.040192690 -0.009509791 0.999144852
17.779390 -2.485214710 0.017654216 0.808477283 0.001973338 -0.039162908 -0.010134977 0.999179482
17.883140 -2.488158464 0.016970178 0.833985090 0.004048821 -0.037980225 -0.011738860 0.999201357
17.987010 -2.489627600 0.016441353 0.858095706 0.003250998 -0.037081588 -0.011885451 0.999236286
18.090880 -2.492845774 0.017420311 0.884351075 0.002973199 -0.034785748 -0.013703305 0.999296427
18.194760 -2.493398428 0.016607933 0.908440113 0.000313067 -0.035856590 -0.013351637 0.999267697
18.298510 -2.495505333 0.015469638 0.936710298 -0.002287264 -0.033718236 -0.014143858 0.999328673
18.402390 -2.497257948 0.015793270 0.960984945 -0.001636659 -0.032867678 -0.012803297 0.999376357
18.506260 -2.499436140 0.016541705 0.987051010 -0.000765347 -0.032144811 -0.012232900 0.999408066
18.610130 -2.500336409 0.015541939 1.013047576 -0.000069772 -0.031974990 -0.010608074 0.999432385
18.713910 -2.500447750 0.013969725 1.035810232 -0.000755167 -0.032541610 -0.011345389 0.999405682
18.817760 -2.503300190 0.013741942 1.063615322 -0.000844740 -0.031666003 -0.010023883 0.999447882
18.921640 -2.504682541 0.013158757 1.088881016 -0.000880528 -0.031224521 -0.011217612 0.999449074
19.025510 -2.505397081 0.012562836 1.115468264 -0.000757795 -0.031694792 -0.010214046 0.999445140
19.129390 -2.502968550 0.012588563 1.138177514 0.000021626 -0.034419786 -0.007891360 0.999376297
19.233260 -2.511292219 0.011982518 1.167819381 -0.001309378 -0.032800175 -0.010530807 0.999405563
19.337010 -2.512302876 0.010601924 1.194101334 -0.001705887 -0.034893524 -0.008563377 0.999352872
19.440890 -2.513421535 0.010952788 1.224629998 -0.001745282 -0.036818765 -0.013371495 0.999230981
19.544760 -2.517461538 0.011458691 1.248474002 0.001620910 -0.037908874 -0.014753233 0.999170959
19.648510 -2.520287514 0.010299601 1.273667336 0.002917418 -0.039164554 -0.014150600 0.999128342
19.752390 -2.522397041 0.010675398 1.301280499 0.003952106 -0.038833525 -0.017276214 0.999088526
19.856260 -2.524631262 0.011431229 1.327815175 0.004581361 -0.040219083 -0.019980608 0.998980582
19.960140 -2.526809216 0.007297599 1.363211632 0.002373268 -0.042980123 -0.009144293 0.999031246
20.064010 -2.529528856 0.008601499 1.388382673 0.001904947 -0.042617247 -0.011376764 0.999024868
20.167930 -2.532416344 0.008372266 1.417279363 0.000212032 -0.042900968 -0.011522396 0.999012828
20.271890 -2.534694910 0.008052505 1.446598053 -0.001992635 -0.043825947 -0.012101205 0.998963892
20.375760 -2.537027597 0.008124417 1.475447655 -0.002853986 -0.044224139 -0.010935242 0.998957753
20.479750 -2.540557623 0.007892854 1.503369093 -0.003003969 -0.041825686 -0.012988128 0.999036014
20.583640 -2.543697596 0.008003986 1.531960130 -0.002227066 -0.040764496 -0.013154663 0.999079704
20.687510 -2.546471119 0.006861813 1.560930252 -0.000974550 -0.040526133 -0.010182573 0.999126136
20.791530 -2.549336910 0.005444745 1.588962436 -0.001317598 -0.039594784 -0.007785509 0.999184608
20.895390 -2.547333717 0.003719522 1.612408638 -0.001939232 -0.040778376 -0.002530155 0.999163151
20.999260 -2.551798820 0.005322915 1.652252913 -0.002601031 -0.038248204 -0.008471999 0.999228954
21.103270 -2.554298401 0.005472302 1.681205273 -0.003567799 -0.037662510 -0.007228642 0.999257982
21.207140 -2.557165384 0.005023691 1.710222483 -0.003500797 -0.036629975 -0.007563822 0.999294162
21.311120 -2.560351133 0.004538105 1.738597631 -0.002191103 -0.035688706 -0.007758952 0.999330461
21.415040 -2.561877251 0.005397944 1.767531991 0.001819700 -0.035390783 -0.009133496 0.999330163
21.519010 -2.567297459 0.003857872 1.793197513 0.003957335 -0.033008322 -0.009125882 0.999405563
21.622900 -2.572754383 0.004654365 1.820925951 0.007646747 -0.030041210 -0.012406768 0.999442399
21.726890 -2.573243856 0.002531730 1.850253582 0.007965668 -0.030163959 -0.016108746 0.999383390
21.830760 -2.571192265 0.001218164 1.886119366 0.003829916 -0.034520280 -0.011427352 0.999331295
21.934640 -2.573882341 0.000499569 1.915818453 -0.000697094 -0.034602262 -0.011937388 0.999329627
22.038660 -2.576465845 -0.000294367 1.944330454 -0.003941560 -0.034232743 -0.012716715 0.999325216
22.142620 -2.579324484 -0.000674305 1.974021316 -0.002570000 -0.035487633 -0.011005309 0.999306202
22.246540 -2.582904339 -0.001070991 2.004693270 -0.001387261 -0.036365725 -0.008812883 0.999298751
22.350390 -2.583964825 -0.000725041 2.030807495 -0.000209925 -0.038464922 -0.005942472 0.999242246
22.454390 -2.585285187 -0.002645778 2.056677818 0.001257736 -0.039846003 -0.009212690 0.999162555
22.558370 -2.589090586 -0.002007818 2.086387634 0.002191308 -0.040186811 -0.010669498 0.999132812
22.662270 -2.590757370 -0.002806976 2.117877960 0.003429503 -0.043692797 -0.008760723 0.999000728
22.766140 -2.596551180 -0.003417191 2.138013601 0.005772668 -0.043604732 -0.010955770 0.998972118
22.870160 -2.596701860 -0.004344497 2.173288107 0.006143417 -0.047087859 -0.012710687 0.998790979
22.974020 -2.600353956 -0.005048342 2.200687647 0.005083923 -0.048178867 -0.016892159 0.998682916
23.078010 -2.601032495 -0.005707987 2.232880354 0.002603195 -0.051785611 -0.018036343 0.998491943
23.181990 -2.607377291 -0.006161830 2.256551743 -0.000613260 -0.052038360 -0.016883416 0.998502135
23.285910 -2.609910488 -0.006264710 2.288227797 -0.001376546 -0.055194229 -0.015470665 0.998354852
23.389770 -2.613741875 -0.006584040 2.309202433 -0.002844509 -0.057478808 -0.015936976 0.998215437
23.493760 -2.617847204 -0.007445639 2.339081526 -0.005083312 -0.060641695 -0.014664493 0.998038948
23.597640 -2.622267008 -0.006616753 2.365404844 -0.003072997 -0.063852690 -0.020195045 0.997750223
23.701510 -2.626769304 -0.008105770 2.389874935 -0.003394585 -0.065500006 -0.020608036 0.997633994
23.805540 -2.629525661 -0.008085950 2.416134119 -0.002011040 -0.068723872 -0.018940097 0.997453868
23.909390 -2.632693052 -0.010857654 2.441501856 -0.002091469 -0.073326297 -0.015980242 0.997177780
24.013390 -2.636776209 -0.010946995 2.465483189 -0.001169964 -0.075798355 -0.016769957 0.996981442
24.117270 -2.642447710 -0.011069697 2.491714478 -0.003554204 -0.077526264 -0.016693888 0.996844172
24.221270 -2.645609856 -0.011301024 2.522109270 -0.005883353 -0.081735551 -0.017004123 0.996491611
24.325140 -2.650962353 -0.012666359 2.544545174 -0.007681048 -0.084194265 -0.016378939 0.996285141
24.429140 -2.657526255 -0.015800703 2.562376738 -0.007303841 -0.086629577 -0.014903869 0.996102333
24.533020 -2.662461996 -0.010867196 2.604046822 -0.000067366 -0.091194883 -0.020933049 0.995613039
24.636890 -2.664526701 -0.010556635 2.625851393 -0.000088139 -0.097140610 -0.015518099 0.995149672
24.740760 -2.671380758 -0.015468595 2.649783134 -0.004793482 -0.103259638 -0.008543737 0.994606197
24.844640 -2.675851822 -0.013789798 2.677621603 -0.005942552 -0.109997168 -0.010137009 0.993862450
24.948510 -2.683001518 -0.011824580 2.703627110 -0.008553226 -0.114290036 -0.014702518 0.993301809
25.052390 -2.690766811 -0.012238992 2.724208355 -0.010563807 -0.118802063 -0.015256800 0.992744565
25.156270 -2.697883606 -0.012735981 2.749991179 -0.008431302 -0.124776363 -0.017391823 0.991996646
25.260140 -2.706347704 -0.013524238 2.773407936 -0.004465557 -0.130844757 -0.015673583 0.991268933
25.364010 -2.711048603 -0.014462074 2.793883085 -0.002876878 -0.138283730 -0.012414129 0.990310669
25.467890 -2.719216347 -0.012962721 2.823085785 -0.003805190 -0.143570468 -0.016017666 0.989503145
25.571790 -2.725930691 -0.011965077 2.851829052 -0.006636729 -0.150375888 -0.015760845 0.988480985
25.675640 -2.734512806 -0.011763536 2.876711845 -0.009124263 -0.156541705 -0.015527700 0.987507105
25.779520 -2.743655920 -0.011545839 2.908511162 -0.008239096 -0.163651377 -0.014668856 0.986374736
25.883390 -2.751064301 -0.011506824 2.928518772 -0.006030282 -0.170140252 -0.013664320 0.985306680
25.987390 -2.760330200 -0.011477629 2.953320265 -0.002228657 -0.174746275 -0.012349788 0.984533489
26.091270 -2.768553972 -0.011919180 2.980288267 -0.000141796 -0.179470733 -0.010312830 0.983709216
26.195270 -2.778929472 -0.012325471 3.006168604 0.001323002 -0.183442086 -0.009938738 0.982979417
26.299290 -2.788501501 -0.013339223 3.029856205 0.001650649 -0.187851056 -0.011845098 0.982124686
26.403140 -2.800538063 -0.013032615 3.046137333 0.000085101 -0.189342827 -0.013985919 0.981811404
26.507020 -2.811188698 -0.012658358 3.072444916 -0.003017760 -0.193564743 -0.013865087 0.980984867
26.611020 -2.826059103 -0.012859628 3.098421812 -0.007158577 -0.195954978 -0.012077881 0.980512381
26.714890 -2.838392973 -0.013218995 3.123168945 -0.009800467 -0.198705837 -0.017016662 0.979862392
26.818890 -2.848140717 -0.013760929 3.143350840 -0.008135376 -0.201859981 -0.018297743 0.979209661
26.922890 -2.855944395 -0.014271924 3.160533190 -0.005107771 -0.205268398 -0.020374073 0.978480339
27.026890 -2.866282463 -0.013278361 3.192894936 -0.001090101 -0.208792701 -0.017195668 0.977808118
27.130890 -2.881564140 -0.010170005 3.206460714 0.001082985 -0.207735687 -0.019714264 0.977985680
27.234770 -2.891315222 -0.013486595 3.229792833 -0.002961938 -0.211901024 -0.019506926 0.977091908
27.338640 -2.902925968 -0.013501502 3.257268190 -0.004896630 -0.213964492 -0.022356255 0.976573288
27.442660 -2.914133072 -0.012965888 3.293590307 -0.003619710 -0.218294263 -0.020509239 0.975660741
27.546520 -2.924340248 -0.016625015 3.322420597 -0.002713392 -0.222603068 -0.017523104 0.974747896
27.650520 -2.936486006 -0.013878128 3.340264559 0.002390663 -0.224162862 -0.018682960 0.974369705
27.754390 -2.948751450 -0.014196794 3.364001513 0.003388202 -0.226609275 -0.019934915 0.973775804
27.858410 -2.961835384 -0.014184144 3.387864351 0.002040676 -0.227840900 -0.020888902 0.973472118
27.962300 -2.972857237 -0.013889007 3.414118290 0.001298265 -0.231154919 -0.021100318 0.972687244
28.066150 -2.985379696 -0.014219599 3.437632322 0.000542157 -0.233562574 -0.021934502 0.972094178
28.170020 -2.999343634 -0.014917829 3.463248491 0.000848523 -0.235665798 -0.018345993 0.971660614
28.274040 -3.012791395 -0.015602150 3.487018108 0.000621734 -0.236918524 -0.019583443 0.971331954
28.377890 -3.025132179 -0.014198769 3.508948565 0.001097357 -0.239965022 -0.021118553 0.970551193
28.481890 -3.038185358 -0.014918570 3.529415846 -0.000103105 -0.241670012 -0.020591386 0.970139980
28.585770 -3.052898169 -0.015892198 3.550421238 -0.000418335 -0.242595255 -0.020676304 0.969907165
28.689660 -3.066897631 -0.014343759 3.570560455 0.002450474 -0.243916214 -0.022500318 0.969532192
28.793670 -3.075537682 -0.015750971 3.599127531 0.003877728 -0.249687001 -0.016725352 0.968174398
28.897520 -3.087404966 -0.018872285 3.620051146 0.005728415 -0.250907928 -0.020990765 0.967766404
29.001520 -3.094360590 -0.018086966 3.645481825 0.003701270 -0.255731583 -0.020502402 0.966523290
29.105390 -3.114069700 -0.017243501 3.667585373 -0.000169902 -0.255008131 -0.021675296 0.966695905
29.209390 -3.124899864 -0.018314218 3.689852953 -0.005037972 -0.257192940 -0.022254733 0.966090679
29.313270 -3.136571407 -0.018070664 3.708121300 -0.007715563 -0.258119017 -0.020916821 0.965855837
29.417270 -3.149694204 -0.018483128 3.731126070 -0.007853836 -0.259945422 -0.018976947 0.965404868
29.521140 -3.161739826 -0.016644480 3.750211239 -0.005268792 -0.260794163 -0.019172693 0.965189636
29.625020 -3.172686815 -0.018021116 3.772918940 -0.003543131 -0.263909638 -0.019552741 0.964342713
29.729040 -3.182788134 -0.017110389 3.791983366 -0.003284467 -0.266428679 -0.018147273 0.963678181
29.832900 -3.188183069 -0.015737165 3.808489561 -0.002701970 -0.268896312 -0.016937271 0.963016391
29.936770 -3.195806503 -0.019408969 3.830336094 -0.005359321 -0.273391902 -0.016002588 0.961754680
30.040770 -3.222189665 -0.017889164 3.848434448 -0.005762491 -0.267351508 -0.016113423 0.963447094
30.144650 -3.234817743 -0.015089075 3.867612362 -0.004337629 -0.268922418 -0.012917927 0.963065445
30.248520 -3.241544724 -0.020282598 3.879417181 -0.007584883 -0.269765556 -0.015026480 0.962778926
30.352400 -3.250720024 -0.020341443 3.888050556 -0.008203105 -0.268841505 -0.013867764 0.963049650
30.456270 -3.254881382 -0.019745102 3.910454988 -0.005007469 -0.275736362 -0.015482696 0.961095572
30.560270 -3.263417959 -0.013837240 3.928026915 0.000376525 -0.278704554 -0.010864603 0.960315347
30.664040 -3.270213366 -0.021415178 3.938488483 -0.002520486 -0.279879659 -0.014220745 0.959926426
30.767900 -3.281633377 -0.021851022 3.949438334 -0.003375046 -0.279598057 -0.013687794 0.960013628
30.871790 -3.291820765 -0.018199481 3.960434198 -0.003316164 -0.281114548 -0.009029742 0.959626019
30.975650 -3.301502705 -0.013136620 3.972827673 0.000344908 -0.283746749 -0.009409232 0.958853066
31.079540 -3.301153660 -0.013710114 3.989332438 -0.000247955 -0.294642448 -0.012260992 0.955528855
31.183270 -3.309225082 -0.008080034 4.003292561 -0.000336635 -0.299118489 -0.010052687 0.954162955
31.287140 -3.326250076 -0.007887676 4.007031441 -0.002242640 -0.293769717 -0.011799395 0.955800772
31.390900 -3.332219601 -0.005402619 4.014859676 -0.001537194 -0.298051089 -0.007785771 0.954516947
31.494660 -3.338390589 -0.009787600 4.023667336 -0.005500375 -0.303941965 -0.009299544 0.952629268
31.598390 -3.342732668 -0.006851439 4.032320976 -0.004221453 -0.312391371 -0.007300652 0.949916065
31.702150 -3.351622105 -0.009683584 4.036106586 -0.007073597 -0.317269206 -0.007004805 0.948283255
31.805770 -3.362283707 -0.004102761 4.043655396 -0.001544307 -0.323694706 -0.005767704 0.946142733
31.909520 -3.367580652 0.000596831 4.050393581 0.003121278 -0.335059434 -0.002060429 0.942189574
32.013150 -3.361568928 -0.003468599 4.057376385 0.003051296 -0.352905482 -0.008021346 0.935619652
32.116900 -3.361915588 -0.004511238 4.067143917 0.004341628 -0.369002402 -0.008433199 0.929380059
32.220650 -3.365350723 -0.003762815 4.073093414 0.006749105 -0.381536663 -0.007149633 0.924301386
32.324400 -3.371584892 0.005757701 4.080852032 0.018359780 -0.393599808 -0.006037396 0.919078708
32.428170 -3.384219646 0.009075563 4.079828739 0.022853671 -0.397238255 -0.007639598 0.917399108
32.531770 -3.393299580 0.009857769 4.082850933 0.023902420 -0.404573917 -0.009059483 0.914147973
32.635530 -3.403760433 0.012707211 4.088810444 0.025305724 -0.415092766 -0.004108903 0.909417808
32.739270 -3.410025358 0.012236000 4.092960835 0.024177263 -0.428114176 -0.005109215 0.903386712
32.842900 -3.416433334 0.011908474 4.096939087 0.023571992 -0.441899896 -0.007863590 0.896720111
32.946650 -3.423093557 0.011976607 4.100478649 0.023009947 -0.455264717 -0.010053432 0.890001953
33.050400 -3.429062605 0.016410308 4.106462002 0.027687594 -0.470534444 -0.010702749 0.881882191
33.154020 -3.436560869 0.011831934 4.107058048 0.023040451 -0.482209444 -0.014048975 0.875640213
33.257770 -3.443627357 0.012530702 4.110036373 0.024154926 -0.495593667 -0.016745266 0.868057013
33.361650 -3.449935675 0.012958142 4.112214565 0.024740770 -0.508882999 -0.018825563 0.860274136
33.465270 -3.457187414 0.009473075 4.114799500 0.020885173 -0.523466289 -0.019884700 0.851558268
33.569020 -3.464052200 0.014054636 4.118555069 0.028377520 -0.539207757 -0.018337142 0.841494739
33.672790 -3.471786022 0.010808593 4.120404720 0.026349200 -0.554670930 -0.018675053 0.831442833
33.776420 -3.479345322 0.011548692 4.122230530 0.028016869 -0.571538031 -0.018414047 0.819890380
33.880040 -3.486251354 0.012457062 4.123515606 0.028691392 -0.589613795 -0.017624680 0.806983113
33.983650 -3.501849413 0.013711803 4.124922276 0.030704983 -0.606613219 -0.017521583 0.794210672
34.087400 -3.513106108 0.014754138 4.126407623 0.032404706 -0.625712931 -0.016872877 0.779197395
34.191020 -3.521865845 0.015547669 4.127514839 0.033073477 -0.645388246 -0.016291078 0.762964487
34.294770 -3.530730486 0.016336992 4.128367901 0.034338582 -0.665003300 -0.017584989 0.745843291
34.398420 -3.545397043 0.017693162 4.130506039 0.035411388 -0.686005712 -0.018396322 0.726500988
34.502140 -3.562668085 0.012972042 4.124323845 0.027360484 -0.701645553 -0.019891849 0.711722732
34.605900 -3.576479912 0.013384040 4.122574806 0.025896026 -0.720559180 -0.020297674 0.692612350
34.709660 -3.590599298 0.013577979 4.119833946 0.024022635 -0.738860488 -0.020517372 0.673117518
34.813400 -3.605686665 0.013577113 4.116612911 0.022367407 -0.756822944 -0.021094562 0.652896404
34.917150 -3.619810104 0.015699865 4.113136292 0.023940282 -0.774132311 -0.021904886 0.632191479
35.021020 -3.636298895 0.017604904 4.110729694 0.025272831 -0.791718781 -0.022315605 0.609954536
35.124770 -3.654411793 0.014947224 4.100281715 0.018687306 -0.804501653 -0.022035865 0.593247235
35.228670 -3.670922995 0.015513236 4.092959881 0.017013371 -0.818946004 -0.021263370 0.573224127
35.332520 -3.688904047 0.015419990 4.084784985 0.014215274 -0.832567215 -0.021111511 0.553338945
35.436400 -3.701613903 0.019074740 4.074265957 0.018462993 -0.843861699 -0.022750322 0.535760283
35.540420 -3.725063801 0.016266586 4.064238071 0.011197772 -0.856471539 -0.021084107 0.515641928
35.644400 -3.744179487 0.016739074 4.051847935 -0.010643090 0.866310000 0.021557959 -0.498927802
35.748650 -3.763689995 0.017841704 4.038227081 -0.010821264 0.874325633 0.021841744 -0.484727204
35.852770 -3.782632828 0.018933389 4.023687363 -0.011967408 0.880670190 0.022216570 -0.473057270
35.957050 -3.804404020 0.018804725 4.009138107 -0.012006898 0.885932505 0.022791632 -0.463098168
36.061290 -3.825249672 0.020324562 3.993374109 -0.012749322 0.889715374 0.023031753 -0.455756068
36.165670 -3.846432686 0.020979373 3.977319956 -0.011898505 0.892872453 0.023098325 -0.449559450
36.269900 -3.868879795 0.021603495 3.961483955 -0.010612926 0.895704567 0.023133270 -0.443920612
36.374170 -3.892354488 0.021150190 3.941498518 -0.010230231 0.897833049 0.024462016 -0.439537019
36.478420 -3.915558815 0.021756234 3.923814297 -0.010387201 0.899717271 0.025083825 -0.435627937
36.582670 -3.938446045 0.024786502 3.909274817 -0.009859771 0.901667714 0.023819273 -0.431660414
36.686900 -3.960582733 0.025420500 3.894340992 -0.009176817 0.903397024 0.023913432 -0.428039432
36.791110 -3.983764887 0.025909377 3.877373934 -0.008354390 0.904701054 0.023970913 -0.425290048
36.895150 -4.012757778 0.025455251 3.843035221 -0.009261145 0.903914034 0.025717925 -0.426839858
36.999490 -4.033051968 0.025347928 3.823801041 -0.009791669 0.903516829 0.026162544 -0.427641153
37.103550 -4.059152126 0.026913697 3.800778627 -0.010523004 0.903533340 0.025513018 -0.427628189
37.207650 -4.089901447 0.027885143 3.783393145 -0.009614338 0.905064940 0.025149068 -0.424420238
37.311780 -4.117312431 0.027772700 3.765421867 -0.008645215 0.905810416 0.025161544 -0.422847062
37.415890 -4.146586895 0.030226447 3.732735395 -0.008543221 0.905104995 0.024832070 -0.424376398
37.520030 -4.173255444 0.031156829 3.713196278 -0.008258194 0.905668497 0.025571093 -0.423134148
37.624150 -4.199729443 0.032273863 3.687326193 -0.009527424 0.905243039 0.027201094 -0.423915505
37.728150 -4.229975224 0.032554004 3.664155722 -0.008698085 0.905598223 0.027604686 -0.423147887
37.832280 -4.260396481 0.033649966 3.638187885 -0.008513466 0.905797243 0.026697896 -0.422783732
37.936280 -4.291929722 0.035575893 3.610167503 -0.008687852 0.905973554 0.025523106 -0.422474831
38.040280 -4.325473785 0.037268605 3.584720850 -0.010070900 0.906274974 0.025298366 -0.421810716
38.144280 -4.352603436 0.038752910 3.559781075 -0.009725886 0.906261802 0.024361635 -0.421902239
38.248280 -4.381454468 0.037743602 3.535186291 -0.008268865 0.906534851 0.024164289 -0.421357602
38.352280 -4.414944649 0.039418370 3.505911827 -0.008299348 0.907108188 0.021220641 -0.420280337
38.456150 -4.447144508 0.040340938 3.478820086 -0.009809263 0.907422066 0.019972488 -0.419630826
38.560150 -4.472462177 0.041830055 3.451927423 -0.014258896 0.906426549 0.020410674 -0.421628982
38.664150 -4.507881641 0.042066269 3.424094439 -0.012487247 0.906914353 0.021157999 -0.420598119
38.768150 -4.536649227 0.042278524 3.396348953 -0.010927846 0.906201601 0.022415798 -0.422109962
38.872030 -4.569543839 0.043864939 3.369178057 -0.011370928 0.906206787 0.023496773 -0.422028273
38.976020 -4.609725952 0.043860823 3.339954615 -0.009093896 0.907351851 0.024369726 -0.419566512
39.079900 -4.642154694 0.045000665 3.311721802 -0.008717315 0.907329738 0.024498679 -0.419614732
39.183930 -4.670938015 0.046556521 3.283146381 -0.010670145 0.906487763 0.024442360 -0.421388984
39.287780 -4.701875687 0.046319053 3.255817413 -0.010329206 0.906402886 0.025007525 -0.421546936
39.391750 -4.734485149 0.049372680 3.225696564 -0.011950451 0.906007290 0.024732929 -0.422369808
39.495830 -4.773832321 0.052098591 3.198807001 -0.006980679 0.907573044 0.024336336 -0.419130296
39.599580 -4.806878567 0.055962373 3.173567533 -0.005896346 0.908094823 0.022677371 -0.418108553
39.703630 -4.838691235 0.052639082 3.148964405 -0.006185270 0.908151805 0.025680762 -0.417806774
39.807870 -4.871665955 0.051850624 3.120246172 -0.007102709 0.908321917 0.026025183 -0.417401046
39.911280 -4.904992104 0.054674257 3.094947815 -0.007130846 0.908918142 0.023925008 -0.416226625
40.015280 -4.938293457 0.055291969 3.058260202 -0.006730095 0.908558249 0.024458859 -0.416987270
40.119140 -4.969722271 0.060191818 3.029711485 -0.004011164 0.908794820 0.021702750 -0.416659176
40.223030 -5.002202988 0.058717735 3.003102064 -0.008865871 0.908925056 0.024326237 -0.416154832
40.326930 -5.035943031 0.058441721 2.972730875 -0.007557231 0.909082711 0.023622314 -0.415876776
40.430770 -5.068821430 0.058244817 2.945769310 -0.006869365 0.909462571 0.024176609 -0.415025502
40.534990 -5.099813938 0.060632467 2.919408560 -0.009428876 0.909546196 0.024012035 -0.414801329
40.638670 -5.129139900 0.060589485 2.893814087 -0.010806208 0.909154058 0.024437476 -0.415601879
40.742540 -5.164446831 0.061810412 2.860353947 -0.010206666 0.908642650 0.024399508 -0.416736126
40.846410 -5.196910381 0.062407296 2.831949711 -0.011486981 0.908263624 0.024209268 -0.417539418
40.950400 -5.228904724 0.062468544 2.804687262 -0.012557269 0.907925904 0.024635516 -0.418217599
41.054600 -5.260879517 0.064305604 2.777507782 -0.010227170 0.907641411 0.024355792 -0.418914407
41.158230 -5.293290615 0.065657526 2.749348164 -0.008559559 0.907133460 0.026054449 -0.419948488
41.262460 -5.327520370 0.066494755 2.720822573 -0.004906624 0.907037497 0.028496694 -0.420055807
41.365930 -5.359936237 0.067655958 2.693210840 -0.003882684 0.906894565 0.029058293 -0.420336425
41.469820 -5.391621113 0.068998136 2.665624380 -0.005127952 0.906807721 0.027207857 -0.420634270
41.573580 -5.424033642 0.070063978 2.638008833 -0.006413761 0.906917393 0.024874045 -0.420524627
41.677410 -5.455371380 0.071669437 2.611590385 -0.006887703 0.907029152 0.024339596 -0.420307338
41.781210 -5.488834381 0.072126321 2.583352327 -0.005709598 0.906994700 0.026486723 -0.420269519
41.885060 -5.520845413 0.073092118 2.555984974 -0.004914516 0.907000899 0.026875835 -0.420241445
41.988800 -5.551979065 0.073902182 2.529675007 -0.004965088 0.906939745 0.026251430 -0.420412242
42.092740 -5.585290432 0.075020790 2.503747940 -0.004173345 0.907526016 0.024556689 -0.419256628
42.196450 -5.617496490 0.075001784 2.476729631 -0.006090751 0.907725096 0.026100840 -0.418708563
42.300170 -5.648968697 0.077634275 2.447198391 -0.004379103 0.907729387 0.027644871 -0.418621480
42.404080 -5.678008556 0.079229690 2.422512054 -0.003179630 0.907522082 0.028060485 -0.419053942
42.507790 -5.708930969 0.082266733 2.391542912 -0.003094418 0.907120228 0.027128935 -0.419984967
42.611550 -5.740723133 0.084466912 2.370206356 -0.001463490 0.908181787 0.025526170 -0.417794287
42.715290 -5.774906158 0.082360037 2.339285851 -0.003014928 0.908379316 0.027235184 -0.417248279
42.819190 -5.806193352 0.083318517 2.312074184 -0.004635845 0.908387423 0.027477140 -0.417199969
42.922920 -5.834311962 0.084394850 2.279704571 -0.008167828 0.907147884 0.027121341 -0.419857651
43.026850 -5.864719391 0.086409196 2.256548643 -0.007702461 0.907078624 0.026732830 -0.420040905
43.130550 -5.892781258 0.090215184 2.230838537 -0.007667947 0.906137347 0.025551939 -0.422141463
43.234430 -5.929424763 0.088329233 2.205588102 -0.007135950 0.907717705 0.028148927 -0.418575287
43.338330 -5.959255695 0.092403121 2.179161549 -0.005154591 0.907122552 0.025469514 -0.420063466
43.442050 -5.990001202 0.087118246 2.158571482 -0.008271941 0.907902002 0.029508678 -0.418060631
43.545910 -6.017056465 0.087808192 2.140794039 -0.007441696 0.908357859 0.028976947 -0.417122215
43.649770 -6.052893162 0.093321152 2.099188089 -0.005967613 0.907386959 0.025996316 -0.419449031
43.753650 -6.082422256 0.093264416 2.082171440 -0.005231110 0.907807529 0.026855569 -0.418493688
43.857500 -6.113770962 0.094486900 2.051983595 -0.004746989 0.907510936 0.026662055 -0.419154555
43.961280 -6.141509533 0.096726313 2.024664640 -0.005002646 0.907140136 0.024889018 -0.420062244
44.065190 -6.170863628 0.102241352 2.001534224 0.000718222 0.907643318 0.019051103 -0.419309109
44.169050 -6.198730946 0.097891979 1.979598880 -0.004973143 0.907211840 0.022105785 -0.420063525
44.272790 -6.228377819 0.102519400 1.956285954 -0.005359984 0.907240093 0.020258253 -0.420090824
44.376660 -6.255607605 0.103899419 1.941968679 -0.002669852 0.908303857 0.019674478 -0.417839527
44.480540 -6.280565739 0.109271020 1.926316857 -0.001582204 0.908837020 0.017246483 -0.416791707
44.584310 -6.314038754 0.105981112 1.896838665 -0.004635930 0.908710241 0.019695509 -0.416936815
44.688220 -6.345118046 0.100609683 1.851939797 -0.006076677 0.906707048 0.023072993 -0.421085596
44.792180 -6.369842529 0.105248533 1.836576343 -0.006980665 0.907083213 0.021830518 -0.420326948
44.895870 -6.399158001 0.105964884 1.806343913 -0.003739741 0.906830609 0.020688223 -0.420970559
44.999710 -6.418661594 0.106773131 1.784960985 -0.004962626 0.906390905 0.021249484 -0.421875983
45.103550 -6.451208115 0.104471065 1.757011890 -0.004632487 0.906387985 0.022594430 -0.421816111
45.207330 -6.480986595 0.107850604 1.733705282 -0.003971223 0.906736791 0.022109324 -0.421098292
45.311220 -6.504081249 0.109950267 1.714226961 -0.002660462 0.906662941 0.021859277 -0.421280682
45.415240 -6.529837608 0.107743777 1.697318912 -0.002349391 0.906961143 0.023990421 -0.420523942
45.518940 -6.563485622 0.103015058 1.669282794 -0.001823032 0.907276273 0.026278773 -0.419709235
45.622980 -6.583537579 0.103959300 1.648941875 0.000901710 0.907375753 0.025086612 -0.419570178
45.726540 -6.602149487 0.105569229 1.631841421 0.000159437 0.907881618 0.025099741 -0.418474525
45.831090 -6.648725510 0.108552352 1.604185581 -0.000781175 0.908984542 0.024529513 -0.416106701
45.934310 -6.677189350 0.109636664 1.585488796 0.000831465 0.909882367 0.023522869 -0.414198071
46.038180 -6.695872784 0.107240967 1.565233588 0.001210016 0.909779191 0.023825077 -0.414406478
46.142050 -6.695333004 0.106889330 1.553040028 0.004161843 0.909516573 0.023457270 -0.414984345
46.245920 -6.718955994 0.106055580 1.530231118 0.005659194 0.910717130 0.022683464 -0.412368476
46.349680 -6.747898102 0.109526098 1.511050701 0.004804012 0.913515627 0.021940183 -0.406183183
46.453430 -6.762135506 0.102056719 1.491407752 0.010366747 0.915207326 0.022557665 -0.402217865
46.557220 -6.776598930 0.107561283 1.473409057 0.010163606 0.917530239 0.021410851 -0.396959186
46.660970 -6.786903858 0.105866462 1.449887514 0.010666985 0.919238150 0.020830948 -0.393005818
46.764550 -6.794931412 0.096152462 1.440794826 0.023490604 0.924362838 0.020080861 -0.380260855
46.868310 -6.834933758 0.109922439 1.420891166 0.015590361 0.929912150 0.020215124 -0.366894543
46.971930 -6.863664627 0.109721124 1.394749641 0.012783723 0.934233248 0.022110969 -0.355747074
47.075560 -6.891440392 0.113737889 1.374988437 0.011369782 0.940403938 0.023296438 -0.339069933
47.179170 -6.892878532 0.110189781 1.357400537 0.014699119 0.945173025 0.022695854 -0.325448692
47.282920 -6.899706841 0.116888925 1.339246511 0.007556825 0.950443685 0.024212649 -0.309860408
47.386540 -6.915591240 0.124963209 1.313984513 0.003554017 0.955825686 0.023290215 -0.292988509
47.490160 -6.910863876 0.116178624 1.302800417 0.013114156 0.961456358 0.026191041 -0.273392975
47.593870 -6.919626713 0.116351970 1.284080267 0.011419845 0.967387438 0.027845077 -0.251506984
47.697410 -6.924382210 0.116173200 1.266614318 0.007023470 0.973036945 0.028841667 -0.228731051
47.801160 -6.929882526 0.116515398 1.247855783 0.001516893 0.977997839 0.030307338 -0.206396118
47.904910 -6.938142300 0.119735517 1.227997422 0.000017223 0.982954979 0.028010329 -0.181700319
48.008600 -6.942265987 0.121957995 1.212333202 -0.004368037 0.987321675 0.025812060 -0.156558409
48.112290 -6.943082333 0.119346336 1.208897948 -0.004592459 0.990843594 0.027015368 -0.132204562
48.216060 -6.950057507 0.122214496 1.193348885 -0.002613238 0.994324982 0.024867220 -0.103405118
48.319780 -6.954317093 0.120389149 1.150412440 -0.003996222 0.996064186 0.030608419 -0.083085850
48.423630 -6.953033447 0.122131690 1.140998244 -0.007507314 0.997885823 0.032314517 -0.055886693
48.527420 -6.955157757 0.123407327 1.112837076 -0.010274317 0.998839438 0.034659535 -0.031826418
48.631190 -6.954476833 0.123904437 1.094721675 -0.011152066 0.999241054 0.036941603 -0.005316123
48.734910 -6.952356339 0.123600662 1.080062032 -0.009254042 0.999006033 0.038038291 0.021316251
48.838780 -6.945179939 0.123705968 1.062780261 -0.006450870 0.998369396 0.038755786 0.041412145
48.942530 -6.940279961 0.126648933 1.044672608 -0.004706218 0.997129321 0.036384381 0.066235192
49.046410 -6.937976360 0.126864523 1.017829537 -0.002199911 0.994893134 0.037212327 0.093798280
49.150280 -6.932547092 0.128156081 0.999257922 -0.001546592 0.992210925 0.036255948 0.119166076
49.254030 -6.925797462 0.128448576 0.985176921 -0.000327504 0.988963842 0.036355078 0.143627331
49.357910 -6.919154167 0.130441204 0.967419088 0.002672553 0.984883904 0.036403477 0.169326037
49.461780 -6.909833431 0.132808283 0.945593655 0.004486280 0.980571091 0.035656728 0.192843974
49.565780 -6.900382996 0.133293003 0.929265678 0.003244621 0.975890338 0.037056763 0.215068281
49.669780 -6.889547348 0.135541275 0.911613107 0.002411751 0.971257627 0.038004462 0.234964699
49.773780 -6.879124165 0.136000186 0.894050062 0.003251505 0.966318786 0.041284524 0.253994256
49.878030 -6.868297100 0.138290122 0.875706732 0.005604706 0.961623669 0.042019792 0.271077305
49.982180 -6.856359959 0.137133792 0.859773934 0.005798465 0.957186520 0.045381859 0.285833597
50.086410 -6.842410088 0.139722049 0.842389584 0.005340389 0.953987181 0.044228055 0.296519607
50.190690 -6.828805923 0.142229483 0.825606942 0.004964654 0.950944483 0.042509109 0.306386918
50.295050 -6.816659927 0.143722177 0.808694839 0.004221444 0.947727740 0.041924458 0.316285610
50.399300 -6.802481174 0.144772679 0.789425850 0.003587723 0.945420444 0.041448083 0.323186278
50.503680 -6.786358356 0.145381063 0.772590339 0.003192066 0.944242537 0.042188823 0.326520950
50.608030 -6.771505833 0.146814227 0.754745722 0.002881485 0.942824423 0.040939875 0.330753297
50.712390 -6.756088734 0.148767248 0.737561941 0.002880610 0.942001939 0.039875757 0.333217561
50.816730 -6.740381241 0.150007844 0.719519794 0.002291113 0.941147923 0.039333481 0.335690528
50.920920 -6.724074364 0.151682019 0.698999107 0.004270296 0.940236509 0.039688174 0.338174343
51.025280 -6.707584858 0.152843609 0.678372979 0.005150669 0.939438701 0.039792266 0.340360045
51.129530 -6.690608978 0.154465526 0.658906937 0.003554899 0.939023972 0.038394444 0.341682911
51.233800 -6.673472881 0.156240568 0.639207482 0.002526927 0.938719809 0.037904218 0.342581451
51.338030 -6.656843185 0.157368809 0.619466245 0.002734030 0.938613176 0.039250221 0.342720330
51.442160 -6.641292095 0.159029111 0.601942897 0.005670024 0.938652813 0.039776407 0.342515171
51.546400 -6.619390011 0.160552710 0.575505793 0.005780198 0.938846767 0.039608914 0.342000753
51.650530 -6.600262642 0.162305087 0.553439736 0.004377446 0.939012647 0.036928084 0.341866046
51.754650 -6.582552433 0.162269458 0.534944832 0.004316286 0.939425468 0.034565262 0.340978682
51.858780 -6.563324928 0.164737791 0.510827065 0.005036158 0.939460754 0.032094773 0.341112852
51.962780 -6.543283463 0.166640595 0.488613427 0.006376500 0.939723074 0.031878125 0.340387642
52.066910 -6.525024414 0.169575036 0.465010703 0.005622871 0.939480960 0.032433506 0.341016054
52.171030 -6.498633862 0.171035603 0.433918923 0.001946452 0.939447880 0.032572906 0.341134727
52.275030 -6.476374149 0.171986684 0.408179045 0.000965861 0.939624727 0.033579063 0.340553850
52.379030 -6.453527451 0.174493924 0.380332738 0.000352626 0.939263523 0.033527635 0.341555029
52.483160 -6.430537224 0.176445723 0.352659881 -0.000211726 0.939215243 0.035021510 0.341537923
52.587160 -6.407321930 0.177456260 0.326721281 -0.001237078 0.939520657 0.037995581 0.340375781
52.691180 -6.383313656 0.180206463 0.298295140 -0.002714898 0.939480960 0.038152024 0.340459406
52.795150 -6.360585213 0.182388946 0.268879712 -0.003689660 0.939164102 0.036111657 0.341545254
52.899160 -6.336576462 0.185582608 0.237708002 -0.001298418 0.938750863 0.034756441 0.342836767
53.003160 -6.309745789 0.186833113 0.207294822 -0.000220435 0.938887894 0.036650598 0.342266232
53.107160 -6.281772137 0.189632833 0.176944435 -0.000757725 0.938830972 0.038488254 0.342219859
53.211180 -6.255881310 0.191875622 0.146441340 0.000499569 0.938885212 0.040205393 0.341874003
53.315160 -6.230689526 0.194223672 0.115746915 0.001135597 0.938824534 0.040096242 0.342051923
53.419160 -6.205892563 0.196709797 0.083767213 0.004072734 0.938835144 0.039161079 0.342108697
53.523150 -6.182242393 0.199810997 0.052329838 0.006676433 0.938760281 0.037990749 0.342405140
53.627040 -6.152405739 0.200966701 0.022220917 0.005991697 0.939316809 0.036596030 0.341040701
53.731040 -6.126783371 0.203891754 -0.010513787 0.006399842 0.939144790 0.035580285 0.341614038
53.835050 -6.095304489 0.205490321 -0.045090735 0.004828182 0.939218700 0.037007879 0.341284871
53.938910 -6.067989349 0.207687318 -0.076999977 0.003558692 0.939252019 0.038346060 0.341060847
54.042910 -6.043686867 0.211582482 -0.106527962 0.004356680 0.939398527 0.038345963 0.340647936
54.146780 -6.018131733 0.213195369 -0.138318092 0.006221828 0.939382672 0.040251505 0.340442717
54.250800 -5.990388870 0.216464892 -0.172828048 0.008677633 0.939666212 0.041218489 0.339489490
54.354660 -5.964511871 0.216674209 -0.203084648 0.012061177 0.939371407 0.044738706 0.339756161
54.458660 -5.940988064 0.221480787 -0.231807381 0.011151450 0.939451814 0.046838205 0.339281827
54.562530 -5.907217026 0.222441509 -0.269448847 0.011380126 0.939099252 0.051672645 0.339548230
54.666410 -5.880711079 0.225519329 -0.301174074 0.012418057 0.939185500 0.051141065 0.339353740
54.770420 -5.855073929 0.228848085 -0.334172338 0.013038105 0.939251065 0.046676662 0.339792132
54.874290 -5.828311920 0.230983913 -0.363516599 0.013034957 0.939864993 0.042650051 0.338622034
54.978530 -5.802654743 0.233136401 -0.389976680 0.013864874 0.940230727 0.041284233 0.337741792
55.082040 -5.776134014 0.234485567 -0.421444505 0.015058813 0.940537632 0.042952221 0.336626381
55.185920 -5.749041080 0.236968309 -0.457916826 0.014058108 0.940220833 0.044440772 0.337360620
55.290780 -5.723278522 0.238368213 -0.486907482 0.015594913 0.940358818 0.045766965 0.336730629
55.393730 -5.697416782 0.242834970 -0.519460738 0.010858139 0.941061497 0.043311775 0.335275173
55.497680 -5.667723656 0.243817553 -0.543072045 0.009673080 0.942930818 0.043353438 0.330012619
55.601700 -5.645985603 0.245814815 -0.584943593 0.009738850 0.943397105 0.044320468 0.328546464
55.705670 -5.632483006 0.255093515 -0.610558450 0.010273144 0.944910824 0.041921541 0.324469656
55.809690 -5.623197079 0.260946929 -0.646341980 0.012890409 0.945856035 0.042182095 0.321575582
55.913810 -5.584214211 0.260969728 -0.686284781 0.010746069 0.949427307 0.043054651 0.310835242
56.017930 -5.553032398 0.255717307 -0.719355345 0.011701250 0.953217566 0.047236089 0.298342258
56.122050 -5.529353142 0.254000813 -0.748389900 0.010768772 0.957032919 0.048811976 0.285638720
56.226190 -5.514436245 0.256814331 -0.780275941 0.012129323 0.960717738 0.049387962 0.272827953
56.330510 -5.485095501 0.265564948 -0.819701552 0.014997261 0.965253949 0.049702909 0.256104529
56.434670 -5.466938972 0.270357549 -0.853512585 0.018256556 0.969455779 0.049682319 0.239486679
56.538940 -5.452028275 0.271628827 -0.889580667 0.017173989 0.973072529 0.049413253 0.224484414
56.643030 -5.429509163 0.279379696 -0.930594563 0.018799698 0.977241874 0.042844426 0.206903964
56.747290 -5.418388367 0.283195257 -0.967444420 0.019076899 0.980583668 0.037369598 0.191560164
56.851430 -5.402193069 0.283601522 -1.001581073 0.019284615 0.983787000 0.035107683 0.174810544
56.955550 -5.386150837 0.282419920 -1.041001558 0.015277272 0.986674905 0.034756802 0.158212513
57.059650 -5.376719475 0.287259668 -1.076012254 0.015256904 0.988882542 0.033895869 0.143977761
57.163560 -5.371891975 0.298764646 -1.108544469 0.021883439 0.990549028 0.031439140 0.131701767
57.267470 -5.359438896 0.291061133 -1.155503392 0.017650634 0.991926610 0.031998910 0.121433653
57.371290 -5.331854820 0.296290189 -1.200781941 0.017676795 0.993641615 0.031604469 0.106606662
57.475150 -5.331577778 0.299378514 -1.236710668 0.018751184 0.994341850 0.034279462 0.098780826
57.579070 -5.331967354 0.293575943 -1.271119118 0.011540676 0.995074689 0.036844332 0.091299690
57.682930 -5.320904732 0.295055181 -1.313355207 0.011199197 0.995968521 0.036847308 0.081015959
57.786690 -5.321658611 0.295905590 -1.351693630 0.012784190 0.996453404 0.035925459 0.075010031
57.890570 -5.316033363 0.302737027 -1.397752762 0.014093695 0.997010827 0.032013595 0.068890221
57.994890 -5.321090221 0.306367517 -1.438539386 0.018412877 0.996969402 0.033560544 0.067724556
58.098070 -5.310857773 0.313217580 -1.480686665 0.020931406 0.997215629 0.036234491 0.061724249
58.201850 -5.298043251 0.312831372 -1.527877688 0.022574646 0.997205615 0.041645527 0.057766892
58.305440 -5.293968678 0.315408021 -1.571234703 0.022567507 0.997181654 0.042357203 0.057665039
58.409230 -5.291625023 0.315819502 -1.613387465 0.019052751 0.997261763 0.042077534 0.057753332
58.512810 -5.280388355 0.321703374 -1.658182979 0.015867522 0.997641325 0.038262241 0.054736298
58.616560 -5.275002003 0.323421359 -1.701083183 0.012507913 0.997651517 0.037691098 0.055805959
58.720450 -5.269910812 0.325952590 -1.746399403 0.010889913 0.997689486 0.037386440 0.055671625
58.824030 -5.264904022 0.330206275 -1.791842937 0.009693125 0.997662961 0.037858091 0.056048546
58.927820 -5.259240150 0.333244503 -1.839123964 0.010522805 0.997555912 0.039178818 0.056889959
59.031700 -5.257595539 0.333621055 -1.886169910 0.008771818 0.997410178 0.040366106 0.058877338
59.135420 -5.253784180 0.338699222 -1.927646637 0.012489534 0.997351944 0.038189337 0.060619723
59.239170 -5.248859882 0.340547472 -1.974503875 0.017262563 0.997299552 0.035362344 0.062009167
59.343070 -5.242864609 0.345889628 -2.025922298 0.012246250 0.997429013 0.034042813 0.061858475
59.446780 -5.236195087 0.349709749 -2.080965757 0.005262376 0.997444391 0.035125300 0.061993800
59.550680 -5.225386143 0.347356170 -2.127563477 0.001841710 0.997519672 0.037888046 0.059292268
59.654550 -5.217687607 0.344673157 -2.159349442 0.011043869 0.997410059 0.038538743 0.059715349
59.758420 -5.211523056 0.345330805 -2.197782993 0.016262429 0.997331500 0.038683083 0.059741233
59.862460 -5.203619957 0.349737406 -2.240081549 0.016198607 0.997394025 0.037794609 0.059281878
