0.519499 -0.001650782 -0.000184671 0.013667505 0.001636947 -0.020696878 -0.001032634 0.999783933
0.623377 -0.002147130 -0.000205152 0.016915001 0.002078966 -0.027450517 -0.000917701 0.999620557
0.727122 -0.009242816 -0.000618806 0.032259047 0.001973236 -0.033256646 -0.001106840 0.999444246
0.830874 -0.017271161 -0.000546291 0.068843596 0.002181895 -0.040804263 -0.000370174 0.999164701
0.934622 -0.022560803 -0.000269163 0.080328695 0.002557504 -0.049483262 0.000148096 0.998771667
1.038404 -0.005647390 -0.000356374 0.033208836 0.002362374 -0.066083409 0.000582269 0.997811139
1.142127 -0.007038273 -0.000575526 0.037672848 0.003119464 -0.078168437 -0.001292903 0.996934414
1.245873 -0.012364157 -0.000508485 0.048799634 0.004389916 -0.090187155 -0.003755528 0.995908082
1.349627 -0.019799866 -0.000029958 0.062544324 0.005711503 -0.102568388 -0.005497402 0.994694352
1.453253 -0.014332758 -0.000951772 0.058540612 0.005210234 -0.119463734 -0.005621964 0.992808998
1.556997 -0.019842787 -0.000116285 0.069081254 0.005888430 -0.134664133 -0.006555234 0.990852118
1.660772 -0.025279593 -0.000690358 0.078913473 0.005272253 -0.150826588 -0.007557076 0.988517284
1.764374 -0.020740571 -0.001260100 0.069049187 0.004653101 -0.169082537 -0.008977035 0.985550046
1.868002 -0.023090877 -0.001412044 0.072624184 0.004673050 -0.186730921 -0.010290379 0.982346058
1.971750 -0.028542751 -0.000831287 0.080442704 0.005397028 -0.204016149 -0.010863773 0.978892386
2.075498 -0.033532135 -0.001012797 0.087981917 0.005330096 -0.222585812 -0.012082377 0.974823654
2.179126 -0.038922351 -0.000723228 0.095530868 0.005878409 -0.242560282 -0.009759792 0.970069408
2.282875 -0.037513211 -0.001508914 0.093159378 0.004776293 -0.263899744 -0.007990020 0.964505196
2.386504 -0.042066202 -0.001643034 0.098171890 0.003465954 -0.286432475 -0.008435416 0.958056986
2.490144 -0.048143864 -0.001766309 0.102938548 0.002582619 -0.309915066 -0.011487662 0.950691342
2.593620 -0.053928316 -0.001484618 0.108184122 0.003071523 -0.335513949 -0.012762884 0.941943765
2.697329 -0.058880992 -0.001994333 0.112788193 0.002191563 -0.361577511 -0.012704182 0.932252944
2.800890 -0.065110669 -0.002208896 0.117220052 0.000729827 -0.388052940 -0.010600496 0.921575844
2.904641 -0.072142899 -0.001905254 0.122161865 -0.000073651 -0.414475828 -0.007766283 0.910027146
3.008248 -0.079542525 -0.000981942 0.125898033 0.000061942 -0.440107286 -0.005497089 0.897928357
3.112001 -0.087796681 -0.001785129 0.130342484 -0.002763395 -0.466770381 -0.006503920 0.884350300
3.215751 -0.096449152 -0.001670958 0.134196863 -0.003760515 -0.493384421 -0.006276101 0.869780600
3.319374 -0.105580643 -0.001701868 0.137392804 -0.005076726 -0.519363523 -0.006344568 0.854514778
3.423126 -0.115300521 -0.001524856 0.141169429 -0.006088526 -0.545823216 -0.006952484 0.837849379
3.526893 -0.126085490 -0.001275967 0.143070251 -0.006681102 -0.569907248 -0.007600241 0.821646750
3.630648 -0.136991948 -0.001474998 0.146195114 -0.009440991 -0.594598949 -0.007590258 0.803931177
3.734395 -0.149094418 -0.001398839 0.147325262 -0.011407747 -0.615946889 -0.007226547 0.787671924
3.838251 -0.160989866 -0.000488747 0.149089590 -0.011003346 -0.637106240 -0.005982580 0.770674288
3.942122 -0.173334926 -0.000768937 0.149700522 -0.010505619 -0.655772448 -0.007905956 0.754844129
4.046284 -0.188565493 -0.000727592 0.149511933 -0.010428339 -0.670688927 -0.008884700 0.741612196
4.150266 -0.202783689 -0.000335758 0.149349064 -0.009212358 -0.684688687 -0.008898789 0.728723109
4.254380 -0.217788458 0.000514849 0.149544075 -0.007004868 -0.697644711 -0.008006127 0.716364980
4.358512 -0.232588068 0.000446067 0.148475572 -0.006973071 -0.708480299 -0.006587484 0.705665350
4.462646 -0.248459026 0.000372574 0.147030964 -0.006565477 -0.717657447 -0.006307058 0.696336806
4.566885 -0.264819026 0.000729313 0.145691484 -0.005620992 -0.724918127 -0.005547935 0.688789725
4.671250 -0.280997396 0.001727009 0.143706262 -0.003729443 -0.730270386 -0.005747919 0.683123827
4.775500 -0.299117148 0.001343486 0.142385945 -0.005681389 -0.734938681 -0.005081644 0.678090692
4.879959 -0.317084789 0.001551286 0.140448332 -0.005732466 -0.738229573 -0.005759967 0.674500585
4.984250 -0.334686875 0.002084596 0.138996303 -0.006007468 -0.740931630 -0.005395060 0.671531916
5.088502 -0.353459239 0.001864371 0.136021972 -0.006494731 -0.741997659 -0.006460281 0.670339942
5.192878 -0.373866171 0.001776515 0.133884102 -0.006906684 -0.742285609 -0.007056826 0.670010805
5.297154 -0.391485542 0.000388651 0.131921053 -0.009156456 -0.741896331 -0.007895695 0.670405626
5.401501 -0.414392084 0.002197173 0.129957318 -0.008849294 -0.741516471 -0.008319272 0.670824707
5.505749 -0.433959663 0.002337519 0.127911240 -0.007698182 -0.741205335 -0.009142423 0.671171963
5.610008 -0.455878586 0.002466612 0.125949919 -0.006203018 -0.740429580 -0.008997472 0.672045112
5.714253 -0.477302432 0.003380524 0.124151699 -0.006774188 -0.740176558 -0.007946442 0.672331512
5.818377 -0.501119018 0.003477854 0.121276677 -0.007304627 -0.739375651 -0.009902551 0.673180640
5.922523 -0.523981333 0.003830827 0.119129755 -0.008008590 -0.738726914 -0.011680036 0.673856020
6.026772 -0.546823144 0.003714400 0.117168933 -0.006731181 -0.738112926 -0.013656732 0.674505413
6.130876 -0.569860280 0.004191680 0.115038231 -0.006519003 -0.737182915 -0.013414774 0.675528646
6.235023 -0.594191909 0.005059936 0.113916092 -0.006006918 -0.737663805 -0.011843108 0.675037622
6.339025 -0.617717981 0.005426178 0.112422168 -0.004383384 -0.737262309 -0.013304923 0.675461352
6.443143 -0.644436538 0.006038593 0.108406000 -0.007108235 -0.735999942 -0.012487440 0.676829100
6.547271 -0.669858992 0.006405950 0.106262051 -0.008635613 -0.735583425 -0.012373419 0.677266061
6.651280 -0.694177330 0.006509992 0.104420029 -0.009335398 -0.735219955 -0.012830015 0.677642882
6.755380 -0.718446374 0.006666894 0.102528758 -0.008494908 -0.734955788 -0.011049961 0.677971721
6.859377 -0.742580235 0.006946988 0.100744598 -0.006560358 -0.734997451 -0.008012682 0.677990794
6.963378 -0.768122256 0.008040085 0.099619769 -0.005779427 -0.735354483 -0.004866420 0.677640557
7.067377 -0.799077690 0.008044085 0.095884033 -0.006475068 -0.735275865 -0.004781103 0.677720189
7.171256 -0.825452924 0.007869967 0.093321182 -0.008675448 -0.735109210 -0.008137636 0.677844346
7.275272 -0.851171076 0.007910087 0.090847492 -0.011467550 -0.734925866 -0.011395246 0.677954733
7.379272 -0.877531111 0.008286847 0.088837691 -0.012022153 -0.735318661 -0.014575940 0.677458107
7.483251 -0.904045939 0.009086554 0.086159639 -0.010782462 -0.735371232 -0.015171282 0.677408814
7.587271 -0.929456592 0.009119110 0.083551653 -0.008940207 -0.735633552 -0.014701716 0.677161098
7.691129 -0.959399223 0.010107432 0.080855913 -0.009213541 -0.735569954 -0.012158393 0.677276909
7.795131 -0.986040831 0.010157273 0.078389004 -0.008926317 -0.735585868 -0.013565023 0.677236855
7.899003 -1.011223435 0.010442982 0.075656541 -0.009224261 -0.735181749 -0.015616984 0.677627325
8.003004 -1.037413359 0.011379628 0.074089065 -0.008794228 -0.735768378 -0.013748371 0.677036583
8.107005 -1.065125346 0.011287146 0.071490757 -0.006366138 -0.735364258 -0.013097137 0.677515566
8.211004 -1.092290759 0.009346123 0.067793965 -0.004441015 -0.734956622 -0.013704580 0.677961111
8.315006 -1.117323399 0.011694260 0.066646740 -0.003694041 -0.735224903 -0.012451025 0.677698851
8.418880 -1.142325640 0.012201554 0.064302631 -0.005450025 -0.735593677 -0.012324016 0.677289009
8.522877 -1.169889331 0.012377952 0.062702559 -0.008062336 -0.734845698 -0.014277535 0.678036034
8.626899 -1.194582343 0.012993340 0.061773784 -0.010544047 -0.735104442 -0.015646582 0.677691221
8.730751 -1.219917178 0.013754986 0.059856907 -0.010974354 -0.735591292 -0.016864097 0.677126765
8.834756 -1.245726943 0.013988651 0.055498131 -0.010550265 -0.734275460 -0.017252814 0.678550303
8.938756 -1.271898866 0.015283915 0.052229725 -0.009870233 -0.733906746 -0.014717345 0.679018974
9.042758 -1.296675205 0.015959501 0.049759395 -0.008016340 -0.733834445 -0.012616497 0.679163873
9.146631 -1.327892542 0.015193154 0.049652100 -0.006595045 -0.734683216 -0.013949019 0.678234875
9.250652 -1.353708625 0.015158368 0.046659876 -0.004873333 -0.734924495 -0.014625479 0.677973688
9.354505 -1.379721284 0.016269622 0.043063279 -0.005295512 -0.734552741 -0.012301237 0.678419471
9.458529 -1.403497100 0.015807185 0.042084966 -0.004373801 -0.735752285 -0.009673559 0.677167594
9.562503 -1.428588271 0.016090492 0.040272195 -0.005577999 -0.735711813 -0.007236102 0.677233100
9.666385 -1.456634164 0.016186355 0.039395608 -0.006340226 -0.737409055 -0.008768476 0.675359786
9.770380 -1.482517362 0.015870761 0.035808951 -0.009433389 -0.737275898 -0.009627369 0.675457358
9.874249 -1.510980964 0.016603148 0.033816930 -0.011536313 -0.737519979 -0.011695776 0.675125480
9.978133 -1.535554647 0.018259710 0.032435697 -0.010474529 -0.738813818 -0.010859698 0.673740625
10.082130 -1.560769796 0.017146954 0.028908152 -0.007479527 -0.738594353 -0.012244739 0.673997402
10.186010 -1.586704254 0.017860543 0.026224095 -0.005861572 -0.739162564 -0.011147007 0.673409283
10.290010 -1.612974286 0.017642494 0.024056159 -0.003821680 -0.739480078 -0.012617239 0.673049331
10.393880 -1.638456941 0.018003633 0.021355854 -0.003250550 -0.739497662 -0.014024965 0.673005164
10.497760 -1.664708376 0.018605743 0.019147422 -0.003814537 -0.740150213 -0.013787230 0.672289312
10.601750 -1.689069629 0.019200880 0.016273538 -0.002046475 -0.740670145 -0.014690224 0.671705067
10.705630 -1.714805245 0.018066471 0.014511873 -0.003049224 -0.740709066 -0.015197741 0.671647072
10.809650 -1.738020062 0.018493420 0.011594428 -0.004628424 -0.740773022 -0.014902230 0.671574116
10.913510 -1.765035510 0.019466268 0.009679354 -0.005390781 -0.741141558 -0.014932470 0.671161056
11.017510 -1.787418127 0.019040763 0.007462324 -0.007322262 -0.741081238 -0.016401824 0.671175122
11.121380 -1.810636997 0.018560044 0.003805467 -0.007840453 -0.740873218 -0.017823113 0.671362638
11.225380 -1.841178536 0.021406069 0.002966644 -0.007078911 -0.741861224 -0.017138116 0.670297027
11.329280 -1.864604354 0.022197105 -0.001039390 -0.005362354 -0.741488934 -0.016959442 0.670729280
11.433260 -1.891927481 0.027649920 -0.001929511 -0.001507752 -0.741402984 -0.015387216 0.670881927
11.537150 -1.907525063 0.020905901 -0.004937788 -0.004921100 -0.741763234 -0.014795654 0.670480549
11.641130 -1.930725217 0.020941740 -0.005015404 -0.004413668 -0.742167592 -0.013665006 0.670060456
11.745130 -1.953898311 0.020553760 -0.010476081 -0.002872143 -0.740237057 -0.015107515 0.672170043
11.849140 -1.975834727 0.021252478 -0.014125023 -0.003170326 -0.738114774 -0.014552757 0.674510717
11.953260 -1.996766448 0.022488218 -0.009735107 -0.003239035 -0.738540649 -0.014523621 0.674044728
12.057260 -2.018510818 0.022500012 -0.010899713 -0.003655663 -0.736381769 -0.014519581 0.676400483
12.161380 -2.038725376 0.023555990 -0.011104971 -0.003778638 -0.733817041 -0.014675512 0.679178119
12.265510 -2.058218718 0.022938777 -0.012234583 -0.003534267 -0.729615271 -0.016684992 0.683645129
12.369630 -2.078742743 0.023366423 -0.010995607 -0.002630844 -0.725291193 -0.017996820 0.688201904
12.473910 -2.092643023 0.025644872 -0.015118077 -0.002438769 -0.718004167 -0.018035067 0.695800781
12.578130 -2.108643770 0.023731183 -0.014104906 -0.002596942 -0.710245252 -0.020179614 0.703660190
12.682390 -2.126132965 0.022898419 -0.017081248 -0.004457823 -0.699814618 -0.019869650 0.714034200
12.786780 -2.142364740 0.023969308 -0.015078376 -0.003957132 -0.689410329 -0.019238232 0.724104702
12.891130 -2.154429197 0.023500476 -0.014012882 -0.005464389 -0.677592814 -0.017481491 0.735209167
12.995510 -2.171828985 0.022861345 -0.010887049 -0.006351767 -0.662986159 -0.017376998 0.748402953
13.099880 -2.185067892 0.023265965 -0.005837259 -0.005875862 -0.649139047 -0.017043535 0.760456145
13.204380 -2.198893785 0.024499547 -0.004262122 -0.005928866 -0.629979610 -0.017507615 0.776391685
13.308760 -2.210683823 0.023780445 -0.001341287 -0.008336812 -0.610003471 -0.014499126 0.792222261
13.413260 -2.224581718 0.023494083 0.003986551 -0.009745784 -0.588718116 -0.010692639 0.808208942
13.517630 -2.236438513 0.023084573 0.009427445 -0.011273157 -0.566498697 -0.006213789 0.823962152
13.622130 -2.247087717 0.023066683 0.014623822 -0.012048130 -0.542312086 -0.003216811 0.840084612
13.726510 -2.262171268 0.023758812 0.025445431 -0.011237602 -0.519870102 -0.003951090 0.854162276
13.830760 -2.272148371 0.024430651 0.031994473 -0.011788335 -0.495623261 -0.002546422 0.868453860
13.935130 -2.284320354 0.024556117 0.042021532 -0.013687854 -0.472607732 0.000486386 0.881166458
14.039380 -2.295070648 0.023728287 0.051378757 -0.018601729 -0.448741823 0.005558888 0.893450499
14.143650 -2.303776026 0.024565170 0.062009733 -0.016802488 -0.425106049 0.007745613 0.904954433
14.247880 -2.313348293 0.025052752 0.072427750 -0.012447959 -0.400130272 0.008838631 0.916331112
14.352150 -2.321750879 0.024326336 0.082203969 -0.006225584 -0.374067843 0.007406994 0.927350879
14.456380 -2.330530405 0.024176966 0.093590669 -0.001635739 -0.346456617 0.006604709 0.938041329
14.560630 -2.339189529 0.024307536 0.106482945 0.000299651 -0.318086296 0.006408375 0.948040068
14.664880 -2.347284079 0.023412425 0.119292013 0.000347499 -0.289277256 0.006047287 0.957226157
14.769010 -2.354866028 0.024110781 0.134898871 0.002773195 -0.262230992 0.005751956 0.964984000
14.873160 -2.362682819 0.025151253 0.151122063 0.003179560 -0.236040607 0.007055140 0.971712410
14.977150 -2.368030787 0.024145098 0.166887030 0.002975897 -0.212445408 0.003597493 0.977161765
15.081160 -2.375674963 0.023197897 0.184070989 0.003677061 -0.189504430 -0.000595498 0.981872797
15.185010 -2.381799936 0.022996597 0.202022031 0.003302746 -0.170345664 -0.003063537 0.985374093
15.288760 -2.387498856 0.023587530 0.220447034 0.003320029 -0.154401943 -0.003148424 0.987997532
15.392480 -2.391737461 0.022825731 0.239575580 0.001962117 -0.142711177 -0.002420687 0.989759445
15.496190 -2.397933960 0.022911299 0.260605842 0.000686993 -0.131277293 -0.002399737 0.991342545
15.599910 -2.403647661 0.023125941 0.281541169 0.000117702 -0.121433705 -0.003814083 0.992592216
15.703610 -2.408827305 0.023023989 0.302242488 -0.000828686 -0.113489054 -0.005333390 0.993524611
15.807320 -2.413296700 0.022398939 0.324763685 -0.001473919 -0.107206047 -0.007994969 0.994203568
15.911010 -2.417441607 0.022776272 0.347106725 -0.001209869 -0.100961611 -0.007634278 0.994860291
16.014760 -2.422006369 0.021684207 0.369652659 -0.001717531 -0.093272500 -0.008127608 0.995605946
16.118550 -2.425478458 0.022334855 0.393187791 -0.001378530 -0.086738937 -0.006543061 0.996208608
16.222360 -2.429508924 0.022087920 0.417104751 -0.001445477 -0.079477161 -0.008485285 0.996799529
16.326140 -2.433485985 0.021402573 0.442925632 -0.000542394 -0.072853066 -0.008781652 0.997303903
16.429890 -2.437995911 0.020923313 0.468190998 0.001865297 -0.066920578 -0.009605094 0.997710347
16.533760 -2.441168070 0.021273406 0.491569251 0.005070906 -0.061834753 -0.008152974 0.998040199
16.637520 -2.444788218 0.021871950 0.518131912 0.006085338 -0.057256564 -0.007760637 0.998310804
16.741260 -2.446303844 0.020216966 0.545622051 0.002123518 -0.054970644 -0.009165290 0.998443604
16.845140 -2.449492693 0.019386539 0.572163880 -0.002023017 -0.052389890 -0.011259476 0.998561203
16.948890 -2.452579260 0.019768788 0.598129809 -0.003212900 -0.050199009 -0.011241050 0.998670816
17.052630 -2.455982924 0.019754427 0.624149442 -0.002768133 -0.048293542 -0.010470630 0.998774469
17.156420 -2.457941294 0.019209130 0.650920093 -0.002322924 -0.047469463 -0.010913627 0.998810351
17.260280 -2.460236549 0.018850552 0.675596893 -0.002263223 -0.045223992 -0.011773435 0.998904943
17.364000 -2.462371111 0.017331129 0.705165207 -0.005542440 -0.044436116 -0.010112312 0.998945653
17.467890 -2.464185715 0.016410599 0.731417596 -0.006646305 -0.043227509 -0.008297349 0.999008715
17.571660 -2.466627359 0.015385000 0.758610070 -0.005325054 -0.041815214 -0.008945552 0.999071121
17.675510 -2.469130993 0.016618678 0.784531832 -0.000871319 -0.040908504 -0.010471934 0.999107659
17.779390 -2.471127033 0.017434103 0.808732212 0.004078422 -0.039929189 -0.011291665 0.999130368
17.883140 -2.472658157 0.015804423 0.834287107 0.005412577 -0.039377473 -0.012200476 0.999135256
17.987010 -2.474591017 0.015393220 0.860726297 0.005292612 -0.038353760 -0.013359006 0.999160886
18.090880 -2.478036165 0.015799578 0.886960268 0.003824604 -0.037776548 -0.010625350 0.999222398
18.194760 -2.481619358 0.014788146 0.913297534 0.000947101 -0.035135202 -0.014433257 0.999277890
18.298510 -2.482281685 0.013517456 0.940686524 -0.001313906 -0.034629829 -0.013566529 0.999307275
18.402390 -2.484189510 0.013144311 0.966144264 -0.001352750 -0.033889532 -0.012030561 0.999352276
18.506260 -2.485773087 0.013483865 0.991396546 -0.000605349 -0.034028776 -0.011463262 0.999354899
18.610130 -2.487336159 0.013947261 1.015866518 0.000878942 -0.033234410 -0.010089464 0.999396265
18.713910 -2.487887621 0.012123446 1.037402511 -0.000040954 -0.033200365 -0.009377019 0.999404728
18.817760 -2.488794088 0.012583871 1.062395215 0.000548223 -0.033696119 -0.007950058 0.999400318
18.921640 -2.493021488 0.011248857 1.096473336 -0.000432037 -0.031844940 -0.011006780 0.999432087
19.025510 -2.494614124 0.011305601 1.122354388 0.000645698 -0.031594113 -0.010130908 0.999449253
19.129390 -2.495220900 0.010988124 1.147954106 0.000090243 -0.032607853 -0.009925288 0.999418974
19.233260 -2.496379614 0.009869535 1.175577641 0.000171109 -0.033908278 -0.011745529 0.999355912
19.337010 -2.501182795 0.009958717 1.204454899 -0.000056025 -0.035105575 -0.010150080 0.999332070
19.440890 -2.502390623 0.009535464 1.230972290 0.000369962 -0.037112594 -0.011295046 0.999247193
19.544760 -2.506236076 0.009346208 1.257903457 0.002633340 -0.037171323 -0.013515390 0.999214053
19.648510 -2.507623672 0.009014801 1.286671877 0.004795126 -0.038915321 -0.014959353 0.999119043
19.752390 -2.509492397 0.007879780 1.316022515 0.005365829 -0.039859664 -0.016776310 0.999050081
19.856260 -2.513674974 0.007223013 1.340446591 0.004458443 -0.040323559 -0.015274905 0.999059975
19.960140 -2.516670704 0.007409746 1.368154883 0.004138474 -0.040594086 -0.018573953 0.998994470
20.064010 -2.518610001 0.006871746 1.403053999 0.003369187 -0.042832065 -0.012636186 0.998996675
20.167930 -2.521547794 0.006359410 1.430570602 0.001481745 -0.043276366 -0.012114256 0.998988569
20.271890 -2.526010752 0.006296701 1.456065297 0.000084191 -0.041845903 -0.013468878 0.999033272
20.375760 -2.528460741 0.006130832 1.485706925 -0.001263654 -0.042028904 -0.012957521 0.999031603
20.479750 -2.529458761 0.006112600 1.514800906 -0.001176988 -0.042111743 -0.014546044 0.999006331
20.583640 -2.532811165 0.006138918 1.543365836 -0.000910473 -0.041066464 -0.018086435 0.998992324
20.687510 -2.537083387 0.006075963 1.571990848 0.000057876 -0.040980183 -0.015591487 0.999038279
20.791530 -2.537905216 0.004454901 1.607460976 0.000535774 -0.039386336 -0.012070684 0.999150991
20.895390 -2.540279150 0.004484836 1.636864066 0.000874464 -0.038423538 -0.011173924 0.999198675
20.999260 -2.543396711 0.005034436 1.666468024 0.000249418 -0.037182931 -0.010549097 0.999252796
21.103270 -2.545772791 0.004938317 1.695660353 -0.000212044 -0.037046589 -0.009577516 0.999267638
21.207140 -2.550227404 0.002836093 1.724588990 -0.002052073 -0.035218615 -0.008112544 0.999344587
21.311120 -2.554178953 0.000617818 1.757599592 -0.000941180 -0.034048427 -0.009755225 0.999372125
21.415040 -2.553932190 -0.000543959 1.788449287 0.001418150 -0.035597432 -0.013574019 0.999273002
21.519010 -2.554720402 0.001397558 1.814427495 0.005497682 -0.035638817 -0.011654124 0.999281704
21.622900 -2.557310104 0.000739109 1.843542695 0.008460798 -0.035092790 -0.014058182 0.999249339
21.726890 -2.560630083 0.000639157 1.872581005 0.009660243 -0.033941008 -0.015226202 0.999261141
21.830760 -2.562704086 -0.000212303 1.902100444 0.007531764 -0.033697516 -0.014849597 0.999293387
21.934640 -2.566248178 -0.001589027 1.931124330 0.002752095 -0.032795392 -0.016415456 0.999323487
22.038660 -2.569640398 -0.001923361 1.958115101 -0.000874188 -0.033021543 -0.016967580 0.999310255
22.142620 -2.568027496 -0.002655186 1.987542152 -0.001373547 -0.036619108 -0.010501969 0.999273181
22.246540 -2.570326567 -0.002828946 2.016257763 0.000797532 -0.037719600 -0.008864698 0.999248743
22.350390 -2.572111130 -0.003174832 2.041841030 0.001967072 -0.039034642 -0.009108520 0.999194384
22.454390 -2.574807405 -0.003795766 2.067631483 0.003360724 -0.039191008 -0.014868056 0.999115467
22.558370 -2.577855110 -0.005029068 2.099833727 0.003770246 -0.041758262 -0.009737109 0.999073207
22.662270 -2.580598593 -0.005145111 2.127308369 0.006036635 -0.043322913 -0.012244756 0.998967826
22.766140 -2.583214998 -0.006395202 2.155222416 0.007504313 -0.045249149 -0.011339366 0.998883188
22.870160 -2.586148024 -0.007073960 2.182496786 0.008002852 -0.047023833 -0.014768494 0.998752534
22.974020 -2.589004993 -0.007462442 2.210484743 0.007952889 -0.048668455 -0.017605972 0.998628139
23.078010 -2.592461824 -0.008723636 2.237963200 0.003874352 -0.050623395 -0.016772684 0.998569429
23.181990 -2.595749617 -0.009293832 2.265432119 0.001184647 -0.052513164 -0.016963638 0.998475432
23.285910 -2.598856688 -0.009843027 2.292557478 -0.000562886 -0.055246279 -0.016138664 0.998342156
23.389770 -2.602308989 -0.009875894 2.319913864 -0.000335816 -0.057969391 -0.017296022 0.998168468
23.493760 -2.605738401 -0.010840926 2.347280264 -0.003274033 -0.061241347 -0.014590563 0.998010993
23.597640 -2.607897282 -0.010912441 2.375921249 -0.002586804 -0.065614544 -0.013863441 0.997745395
23.701510 -2.613353252 -0.010768382 2.400066614 -0.001196901 -0.067338109 -0.017572390 0.997574747
23.805540 -2.617754936 -0.011241585 2.426875591 -0.000095109 -0.070435733 -0.018662428 0.997341692
23.909390 -2.621763468 -0.011967188 2.452870369 0.001272489 -0.073088847 -0.018508090 0.997152865
24.013390 -2.625442505 -0.011576113 2.479129076 0.001963042 -0.076317102 -0.019860670 0.996883869
24.117270 -2.630695581 -0.012697543 2.505583048 -0.000558792 -0.078433990 -0.020179048 0.996714890
24.221270 -2.635271788 -0.012492931 2.529923916 -0.001613871 -0.081099942 -0.022280918 0.996455610
24.325140 -2.640372992 -0.012268135 2.555170298 -0.003001549 -0.084388278 -0.021021362 0.996206701
24.429140 -2.642311573 -0.011689486 2.580623150 -0.001525180 -0.089939006 -0.015211363 0.995829940
24.533020 -2.647141695 -0.009349624 2.599532366 0.003370193 -0.092412017 -0.020597894 0.995502055
24.636890 -2.652099609 -0.005683572 2.619453669 0.006465869 -0.096535362 -0.025168305 0.994990289
24.740760 -2.662563324 -0.003926316 2.625383139 0.005363096 -0.097705580 -0.026958318 0.994835734
24.844640 -2.666007757 -0.015022693 2.681270599 -0.002174346 -0.107985549 -0.016746188 0.994009018
24.948510 -2.673971891 -0.011974033 2.704614162 -0.003653025 -0.111926697 -0.020746229 0.993493140
25.052390 -2.678444386 -0.016842289 2.733631849 -0.008331751 -0.120334588 -0.013835575 0.992601991
25.156270 -2.685418129 -0.015402114 2.756688595 -0.005001804 -0.125484034 -0.019287385 0.991895497
25.260140 -2.691784859 -0.014945233 2.778749943 -0.000070137 -0.131310374 -0.021071391 0.991117358
25.364010 -2.698169708 -0.015564851 2.802164316 0.002634548 -0.138498411 -0.018359331 0.990188956
25.467890 -2.705961466 -0.016688865 2.823685169 -0.001020883 -0.144634157 -0.015878480 0.989357293
25.571790 -2.713789463 -0.015896477 2.848970175 -0.003762561 -0.150711030 -0.015746443 0.988445282
25.675640 -2.721067905 -0.019378925 2.875684261 -0.009832332 -0.158110201 -0.010025447 0.987321615
25.779520 -2.731474400 -0.016557485 2.904136419 -0.006483389 -0.163089335 -0.015266578 0.986471891
25.883390 -2.740097761 -0.016325926 2.929112911 -0.004087202 -0.169086263 -0.015010769 0.985478461
25.987390 -2.749307394 -0.018081671 2.948038816 -0.001837532 -0.173847228 -0.010611597 0.984713733
26.091270 -2.758835793 -0.016772034 2.973560333 0.002261391 -0.177559972 -0.013492410 0.984014869
26.195270 -2.768951178 -0.017040646 2.993362427 0.003154309 -0.181101441 -0.011464428 0.983392537
26.299290 -2.781836033 -0.020540334 3.009234190 0.000908871 -0.183178499 -0.011421091 0.983012915
26.403140 -2.788603783 -0.017087407 3.049410820 0.002768620 -0.189538181 -0.015435649 0.981748104
26.507020 -2.798586130 -0.017314760 3.072815657 -0.000639645 -0.193918914 -0.013802803 0.980920255
26.611020 -2.810271978 -0.016847495 3.095077991 -0.004394076 -0.196438357 -0.015301805 0.980386913
26.714890 -2.820552826 -0.015959026 3.117546320 -0.006126908 -0.200707868 -0.019638343 0.979435086
26.818890 -2.831946611 -0.016388930 3.140366316 -0.004306778 -0.202936798 -0.021917982 0.978937030
26.922890 -2.841667891 -0.016932178 3.160959005 -0.001588925 -0.206122115 -0.021302421 0.978293061
27.026890 -2.851740837 -0.016127354 3.185356379 0.002240477 -0.209064171 -0.021020424 0.977673411
27.130890 -2.863816023 -0.017563412 3.220387697 0.002586579 -0.211378410 -0.020619093 0.977183342
27.234770 -2.875701427 -0.016615437 3.240179539 0.000937748 -0.213116065 -0.025401419 0.976696193
27.338640 -2.886690140 -0.018159522 3.266546965 -0.001704907 -0.216559246 -0.023808993 0.975977600
27.442660 -2.900771856 -0.018425437 3.288949013 -0.000943401 -0.217775285 -0.021829860 0.975754321
27.546520 -2.912398338 -0.017361378 3.309811592 0.003032553 -0.220064387 -0.023932379 0.975187004
27.650520 -2.925045252 -0.016417185 3.331581831 0.006763408 -0.221701622 -0.024134019 0.974792361
27.754390 -2.934839010 -0.017820602 3.361277580 0.007637982 -0.226411864 -0.023983954 0.973706365
27.858410 -2.945378780 -0.020986965 3.390558481 0.005327756 -0.229999334 -0.026536146 0.972814322
27.962300 -2.960244894 -0.015985042 3.415127754 0.006516975 -0.230875656 -0.026334405 0.972604990
28.066150 -2.971202135 -0.019665910 3.434681416 0.003454766 -0.233570948 -0.025163556 0.972007930
28.170020 -2.985218763 -0.019267546 3.455288887 0.003721767 -0.234838113 -0.024739260 0.971712470
28.274040 -2.995771885 -0.017355213 3.478672743 0.005487320 -0.237883464 -0.024842316 0.970960438
28.377890 -3.008924246 -0.017884919 3.503575802 0.004999029 -0.239764452 -0.023595542 0.970531404
28.481890 -3.021255732 -0.017825590 3.523294449 0.004374323 -0.241821811 -0.022402607 0.970052183
28.585770 -3.033792257 -0.018229961 3.552103281 0.005433802 -0.245170280 -0.025954949 0.969117284
28.689660 -3.049069643 -0.021946663 3.575441360 0.005334378 -0.246688023 -0.023043916 0.968806267
28.793670 -3.066488504 -0.022210617 3.592278004 0.007918060 -0.245730326 -0.022779461 0.969038188
28.897520 -3.080830336 -0.023457564 3.620195150 0.011451147 -0.246723861 -0.033081952 0.968453288
29.001520 -3.098925591 -0.018985398 3.642106056 0.010478421 -0.246278122 -0.028082283 0.968735576
29.105390 -3.100385904 -0.024301501 3.666274309 0.002038991 -0.255397439 -0.022146838 0.966580331
29.209390 -3.114662170 -0.023881067 3.687374115 -0.001600030 -0.255621940 -0.023931349 0.966479242
29.313270 -3.124743223 -0.024417102 3.709269047 -0.004892292 -0.258390844 -0.022847543 0.965757847
29.417270 -3.138390779 -0.024587613 3.731889963 -0.005277684 -0.259719998 -0.020018091 0.965462029
29.521140 -3.150050163 -0.025650274 3.748566389 -0.004119938 -0.260793477 -0.019061478 0.965197623
29.625020 -3.163177252 -0.024047390 3.770483494 -0.001380395 -0.262195438 -0.018953737 0.964827657
29.729040 -3.171149254 -0.023666637 3.789971352 -0.000711656 -0.265424401 -0.018094128 0.963961601
29.832900 -3.171664000 -0.023595132 3.803085327 -0.001918159 -0.270288408 -0.016939217 0.962628484
29.936770 -3.176386356 -0.023710376 3.821773291 -0.002115811 -0.274864137 -0.017486975 0.961321712
30.040770 -3.191877842 -0.024060609 3.839670420 -0.002832130 -0.274217397 -0.015515739 0.961538374
30.144650 -3.201050520 -0.028014503 3.855291128 -0.005518080 -0.276053786 -0.015563223 0.961000323
30.248520 -3.205733776 -0.026570156 3.868828535 -0.005293743 -0.279353648 -0.013821154 0.960074186
30.352400 -3.211649179 -0.021809349 3.879032850 -0.003238637 -0.280905724 -0.011007519 0.959666789
30.456270 -3.214995861 -0.022439798 3.898660898 -0.002110602 -0.288527429 -0.006787726 0.957445264
30.560270 -3.220828295 -0.021933230 3.909093857 0.000584095 -0.290140152 -0.007709542 0.956952929
30.664040 -3.266302109 -0.028628871 3.934736013 -0.000702012 -0.274235338 -0.013524445 0.961567223
30.767900 -3.274807930 -0.029067406 3.947705746 -0.001857286 -0.276304364 -0.011278019 0.961002231
30.871790 -3.284323931 -0.027152415 3.957437277 -0.000615666 -0.277168006 -0.011156259 0.960756481
30.975650 -3.287708998 -0.026076779 3.971847534 0.000081571 -0.284424365 -0.013620463 0.958601713
31.079540 -3.284968376 -0.034543138 3.985210657 -0.007419783 -0.295987546 -0.017538924 0.955001950
31.183270 -3.306802750 -0.028062329 3.993231535 -0.006603027 -0.288144439 -0.017501334 0.957404256
31.287140 -3.302170277 -0.031244785 4.002019405 -0.010224753 -0.299005806 -0.019240679 0.954002500
31.390900 -3.318212509 -0.028320363 4.011063099 -0.009621627 -0.296496361 -0.016859531 0.954836667
31.494660 -3.325298786 -0.027744316 4.020429611 -0.010357712 -0.302534997 -0.014398888 0.952973187
31.598390 -3.332512856 -0.028002733 4.027909756 -0.011467793 -0.308810353 -0.013153190 0.950963497
31.702150 -3.338889599 -0.027524510 4.034995079 -0.012039505 -0.316332787 -0.012979340 0.948483050
31.805770 -3.346392393 -0.024954310 4.041482449 -0.009146380 -0.324831784 -0.012829607 0.945640564
31.909520 -3.348747253 -0.021527380 4.048501015 -0.004832128 -0.337438315 -0.011181850 0.941268802
32.013150 -3.354593754 -0.023923140 4.051977634 -0.004564908 -0.346677154 -0.013581009 0.937875092
32.116900 -3.361664772 -0.024041947 4.055402756 -0.002626047 -0.354907960 -0.012205590 0.934817851
32.220650 -3.366514444 -0.021085910 4.062426090 0.002299936 -0.367150366 -0.010793855 0.930096149
32.324400 -3.373481035 -0.027156616 4.067810059 -0.000339293 -0.376732409 -0.016920146 0.926167548
32.428170 -3.379410744 -0.026957577 4.072353363 0.000082060 -0.387638777 -0.018140975 0.921632826
32.531770 -3.385271549 -0.024280326 4.076086521 0.001285466 -0.398344100 -0.016795516 0.917081356
32.635530 -3.390371323 -0.022923887 4.082631111 0.001485084 -0.412430108 -0.015147170 0.910862088
32.739270 -3.397610664 -0.026470982 4.086053848 -0.003509038 -0.424340695 -0.016512560 0.905345201
32.842900 -3.404543877 -0.026178507 4.089298725 -0.004208575 -0.437278807 -0.018462462 0.899126589
32.946650 -3.410251379 -0.026288167 4.093760490 -0.005637706 -0.451790035 -0.020257670 0.891876459
33.050400 -3.417547464 -0.026223728 4.096531868 -0.006459878 -0.464843124 -0.022118460 0.885093153
33.154020 -3.424491644 -0.026145019 4.099937916 -0.006419008 -0.478088528 -0.024149762 0.877956092
33.257770 -3.431599617 -0.025044443 4.102391243 -0.005579639 -0.490931928 -0.025858905 0.870796204
33.361650 -3.438936949 -0.025183894 4.104828358 -0.006163767 -0.504234195 -0.028170710 0.863085330
33.465270 -3.445507050 -0.026187217 4.108264923 -0.007917923 -0.519677997 -0.028092535 0.853863537
33.569020 -3.452460527 -0.025626479 4.110555649 -0.006576945 -0.534629762 -0.026794352 0.844635904
33.672790 -3.461380482 -0.025754053 4.113166332 -0.005210268 -0.550517201 -0.025895072 0.834405839
33.776420 -3.469659328 -0.024083376 4.114707947 -0.003245665 -0.566966474 -0.024793871 0.823361278
33.880040 -3.479476452 -0.023121187 4.116858006 -0.003355815 -0.585212708 -0.023654658 0.810527802
33.983650 -3.488626719 -0.022633383 4.117729187 -0.002863198 -0.602731645 -0.023011222 0.797606945
34.087400 -3.499295712 -0.022752695 4.118220329 -0.002882023 -0.620966554 -0.022894472 0.783497334
34.191020 -3.514188290 -0.023839522 4.120916367 -0.004244627 -0.641722083 -0.022813186 0.766586125
34.294770 -3.524844646 -0.022920212 4.118405342 -0.003669719 -0.658718944 -0.023083063 0.752025962
34.398420 -3.535775423 -0.023174347 4.116996288 -0.005276340 -0.677417755 -0.024413109 0.735174358
34.502140 -3.549676418 -0.022284649 4.115775585 -0.005474699 -0.696268976 -0.025838744 0.717294872
34.605900 -3.567752600 -0.021466430 4.118159771 -0.010225255 -0.718470097 -0.022257926 0.695126414
34.709660 -3.582421303 -0.020619402 4.115730286 -0.012087944 -0.736940682 -0.021533020 0.675506175
34.813400 -3.595808744 -0.015924932 4.115828991 -0.008659624 -0.757096231 -0.020192435 0.652933836
34.917150 -3.613119125 -0.018292353 4.107569695 -0.013890284 -0.771427333 -0.021134976 0.635814607
35.021020 -3.625972748 -0.016010866 4.101793766 -0.013013209 -0.786883950 -0.021107964 0.616602600
35.124770 -3.641396523 -0.013534890 4.096322060 -0.012203479 -0.802429914 -0.020957829 0.596253395
35.228670 -3.664764643 -0.015698344 4.088948250 -0.019309143 -0.817277074 -0.017807584 0.575645924
35.332520 -3.679242373 -0.012385966 4.080286503 -0.017229278 -0.830317259 -0.017902117 0.556736827
35.436400 -3.700483561 -0.014120084 4.070940018 -0.023198960 -0.843325555 -0.015715810 0.536671996
35.540420 -3.719268799 -0.013280452 4.060300827 -0.024292536 -0.854786158 -0.015119341 0.518191040
35.644400 -3.737353325 -0.011400100 4.048408031 -0.023628350 -0.864603162 -0.014803853 0.501681089
35.748650 -3.755418777 -0.010662838 4.034283638 0.023882573 0.872229099 0.014516196 -0.488298416
35.852770 -3.778158188 -0.010147357 4.020779610 0.023863178 0.879431129 0.014848327 -0.475195676
35.957050 -3.796458244 -0.008216716 4.006744385 0.022623798 0.884235680 0.014438107 -0.466269165
36.061290 -3.818384647 -0.006495806 3.991169691 0.022380523 0.888366997 0.014575534 -0.458356529
36.165670 -3.839590311 -0.006052999 3.975488424 0.023513293 0.891386271 0.014379059 -0.452405721
36.269900 -3.865190744 -0.005765929 3.956311464 0.023962878 0.894333780 0.015151318 -0.446501195
36.374170 -3.887507915 -0.004657891 3.938040972 0.024762647 0.896347761 0.015090191 -0.442402244
36.478420 -3.909921885 -0.003099707 3.921002388 0.024799902 0.898235321 0.015303272 -0.438547760
36.582670 -3.932945728 -0.000807990 3.903068542 0.024235673 0.899707377 0.015164051 -0.435556352
36.686900 -3.954028845 -0.000600611 3.885677099 0.023033397 0.900694013 0.016732663 -0.433520287
36.791110 -3.984945059 0.000386129 3.860206127 0.024908938 0.901991367 0.016113823 -0.430733651
36.895150 -4.004122257 0.000567443 3.838694811 0.024072383 0.901594937 0.016813703 -0.431583583
36.999490 -4.024027824 0.001485473 3.817848921 0.024152333 0.901015341 0.016985612 -0.432781041
37.103550 -4.046802998 0.002500334 3.802571774 0.024932340 0.901993930 0.016863598 -0.430698127
37.207650 -4.070590973 0.005725203 3.788297176 0.024766834 0.903016329 0.015480153 -0.428612262
37.311780 -4.117588520 0.007474707 3.750602007 0.025302371 0.903391421 0.014825435 -0.427812874
37.415890 -4.145777225 0.009014395 3.727995157 0.025474971 0.903678358 0.015223389 -0.427182257
37.520030 -4.171879768 0.010467309 3.704920053 0.024325592 0.903613210 0.016674453 -0.427332938
37.624150 -4.200930595 0.012453984 3.683990479 0.025576128 0.904317021 0.017028065 -0.425754309
37.728150 -4.228815556 0.013402253 3.664160967 0.025754455 0.904758692 0.017967319 -0.424765348
37.832280 -4.260129929 0.013641982 3.637650967 0.024780912 0.904870689 0.017756624 -0.424593478
37.936280 -4.292464733 0.016533973 3.604597569 0.025665905 0.904445112 0.015772555 -0.425525039
38.040280 -4.323564529 0.018169999 3.578847170 0.026634134 0.904660821 0.015160132 -0.425028920
38.144280 -4.353443146 0.020098500 3.553314686 0.027246086 0.904549539 0.014211596 -0.425259709
38.248280 -4.383092880 0.021638433 3.526508331 0.025186889 0.904633760 0.013864545 -0.425218880
38.352280 -4.417279243 0.022473127 3.500122070 0.025847783 0.905449569 0.011409897 -0.423512459
38.456150 -4.449882030 0.023714751 3.473051786 0.024202531 0.905770361 0.010256222 -0.422952831
38.560150 -4.481295586 0.025721941 3.446443319 0.022038657 0.905769348 0.010225874 -0.423073947
38.664150 -4.509138107 0.027736606 3.416908264 0.020561459 0.904571712 0.010777560 -0.425688922
38.768150 -4.542042255 0.026507266 3.390275478 0.023307739 0.904733002 0.013126843 -0.425138384
38.872030 -4.581984520 0.028450424 3.361996174 0.023956757 0.905762315 0.013932422 -0.422878891
38.976020 -4.616540909 0.030628581 3.334213018 0.025601359 0.906024873 0.013917450 -0.422220170
39.079900 -4.646446705 0.031701606 3.306681871 0.025761491 0.905480027 0.014850112 -0.423345834
39.183930 -4.681689262 0.032754291 3.278134108 0.025710007 0.905812681 0.014784552 -0.422639102
39.287780 -4.712480068 0.034913328 3.252339363 0.024838254 0.905649185 0.014623871 -0.423046976
39.391750 -4.744021893 0.038487691 3.226373434 0.025104260 0.905445993 0.013894343 -0.423490644
39.495830 -4.777271271 0.040118784 3.200002670 0.022715887 0.905819237 0.014664243 -0.422800690
39.599580 -4.815813065 0.038316272 3.164558172 0.025557648 0.906070232 0.017079214 -0.422009319
39.703630 -4.850279331 0.041865591 3.144834995 0.028091140 0.907317162 0.015377504 -0.419225544
39.807870 -4.881766319 0.042290311 3.111776590 0.026525682 0.906471968 0.015706375 -0.421139240
39.911280 -4.914957523 0.043031178 3.083290339 0.025257546 0.906709552 0.015669508 -0.420706987
40.015280 -4.949831009 0.046601314 3.054601192 0.028028229 0.907164812 0.013931599 -0.419609725
40.119140 -4.983909607 0.046553988 3.022920370 0.026080249 0.907522798 0.014291408 -0.418948680
40.223030 -5.015201092 0.047078002 2.993928909 0.025767965 0.907268405 0.015593992 -0.419472128
40.326930 -5.047781944 0.049308803 2.966840744 0.024628159 0.907580733 0.014592048 -0.418900669
40.430770 -5.079987526 0.050589845 2.934738636 0.024396617 0.906913936 0.014917665 -0.420344383
40.534990 -5.113891125 0.052948106 2.908869982 0.023877116 0.907676339 0.014851383 -0.418727815
40.638670 -5.146569252 0.055783983 2.881918669 0.023572622 0.907516897 0.013482784 -0.419136763
40.742540 -5.179918289 0.053728491 2.851918221 0.022168603 0.907065392 0.016174495 -0.420094371
40.846410 -5.213296890 0.055046931 2.823483706 0.020705003 0.906759322 0.016033599 -0.420834541
40.950400 -5.242301941 0.055637084 2.799474716 0.020313015 0.906009018 0.015920939 -0.422470808
41.054600 -5.274994373 0.054749772 2.775767565 0.019159520 0.906148970 0.018392319 -0.422123969
41.158230 -5.310463905 0.059521619 2.741198063 0.022813188 0.905463219 0.017865989 -0.423434436
41.262460 -5.347304344 0.061108936 2.710448980 0.027159173 0.905343056 0.020541143 -0.423313588
41.365930 -5.380614281 0.062783174 2.682106256 0.027878655 0.905141413 0.021186793 -0.423666060
41.469820 -5.412129879 0.066237219 2.652850389 0.026367670 0.904556751 0.017710103 -0.425168365
41.573580 -5.445543766 0.067120001 2.624956846 0.024845839 0.904928505 0.016431946 -0.424519777
41.677410 -5.476402760 0.068311624 2.596546888 0.025946027 0.904413939 0.015799399 -0.425573260
41.781210 -5.513639450 0.069102384 2.570592880 0.025862390 0.905277252 0.018973161 -0.423608601
41.885060 -5.546731949 0.070707150 2.542558193 0.026509730 0.905251265 0.019386666 -0.423605412
41.988800 -5.579631329 0.072233409 2.515002489 0.026666043 0.905407131 0.018534377 -0.423300415
42.092740 -5.612174034 0.073727421 2.488610983 0.026578072 0.905648470 0.017847547 -0.422819018
42.196450 -5.643754482 0.075453550 2.460907459 0.025787771 0.905472279 0.018179709 -0.423231006
42.300170 -5.678836823 0.077128179 2.432025671 0.027495932 0.905991554 0.020104354 -0.421923161
42.404080 -5.711126804 0.078808405 2.404350996 0.028405305 0.906048238 0.021427823 -0.421675891
42.507790 -5.742888927 0.083115593 2.375928879 0.028624011 0.906058073 0.020143284 -0.421703249
42.611550 -5.773085117 0.082536317 2.348512173 0.028101975 0.905562758 0.020380396 -0.422789574
42.715290 -5.807847023 0.084311239 2.321464777 0.028723327 0.906448543 0.019630121 -0.420880824
42.819190 -5.837478638 0.084837861 2.296834946 0.029714806 0.906784534 0.020045966 -0.420067906
42.922920 -5.867452621 0.087426379 2.269106150 0.026240222 0.905885160 0.019465327 -0.422261268
43.026850 -5.904109478 0.092701569 2.239934206 0.024957472 0.906194925 0.017243220 -0.421770751
43.130550 -5.936112404 0.091425940 2.211506605 0.024803745 0.906086385 0.020111561 -0.421885967
43.234430 -5.967415810 0.094124243 2.184941292 0.025102369 0.905865014 0.019707207 -0.422362477
43.338330 -5.997839451 0.096697807 2.158463955 0.026518192 0.905489802 0.018860187 -0.423118532
43.442050 -6.028062344 0.096900150 2.133818626 0.025030084 0.905232370 0.019358519 -0.423737079
43.545910 -6.062577248 0.098190129 2.105137348 0.024632780 0.905579805 0.019300144 -0.423020035
43.649770 -6.094758511 0.101981759 2.078074455 0.026174966 0.905594468 0.017097818 -0.422990769
43.753650 -6.126352787 0.105180249 2.055037498 0.029657064 0.905814469 0.016110040 -0.422328204
43.857500 -6.156859875 0.104774371 2.027666092 0.028699206 0.905433774 0.017510833 -0.423154175
43.961280 -6.187136650 0.106350392 2.002893925 0.027854512 0.905418694 0.016545204 -0.423281640
44.065190 -6.214500427 0.109155610 1.991197824 0.027755896 0.906289637 0.013920106 -0.421515048
44.169050 -6.243303299 0.109697625 1.970672846 0.027124828 0.906247854 0.014046604 -0.421641707
44.272790 -6.273418903 0.112662300 1.943098783 0.025617661 0.905950546 0.013933080 -0.422378093
44.376660 -6.305449963 0.111488111 1.904058218 0.026424844 0.904887378 0.015223527 -0.424557269
44.480540 -6.334083557 0.113037527 1.880110025 0.026118483 0.905107498 0.015662029 -0.424090832
44.584310 -6.359444618 0.116311252 1.863971949 0.028468685 0.905484498 0.012693039 -0.423233062
44.688220 -6.387959003 0.114166044 1.840840936 0.026316533 0.905401289 0.014603264 -0.423488736
44.792180 -6.415894508 0.115298159 1.812450290 0.023813806 0.904830098 0.015221708 -0.424833745
44.895870 -6.446146488 0.117054597 1.786385059 0.025634103 0.905035496 0.014984787 -0.424298406
44.999710 -6.471323490 0.114959508 1.763734102 0.028183334 0.904818714 0.014789689 -0.424605846
45.103550 -6.496918678 0.114719644 1.745469689 0.028960552 0.904935002 0.015550668 -0.424278349
45.207330 -6.521155834 0.117842250 1.726185441 0.028960234 0.905241787 0.015863914 -0.423611850
45.311220 -6.543024063 0.117147639 1.705191731 0.030987155 0.904873490 0.017072370 -0.424207896
45.415240 -6.577523232 0.120838284 1.675744176 0.028042909 0.905066192 0.018149190 -0.423956811
45.518940 -6.602393627 0.123520464 1.652986407 0.029425614 0.904836833 0.017156379 -0.424393833
45.622980 -6.629261971 0.125463903 1.631604791 0.029636269 0.905267179 0.016959878 -0.423468262
45.726540 -6.645433426 0.122935370 1.616160274 0.031067792 0.905247927 0.017631155 -0.423379391
45.831090 -6.666151524 0.121484071 1.592455864 0.031956077 0.904764712 0.018886516 -0.424291015
45.934310 -6.700491428 0.120072730 1.567064404 0.033590734 0.905106246 0.019505506 -0.423407465
46.038180 -6.719522476 0.123898380 1.554865003 0.033495355 0.906203330 0.017392058 -0.421154469
46.142050 -6.741554737 0.122721374 1.537985086 0.035353571 0.907592058 0.016494242 -0.418036789
46.245920 -6.758962631 0.127405256 1.514937520 0.034764849 0.908131778 0.015187054 -0.416962087
46.349680 -6.777164936 0.132032350 1.501621008 0.036212713 0.910730183 0.012320965 -0.411226660
46.453430 -6.799440384 0.133320466 1.479241610 0.036808569 0.912988901 0.012161329 -0.406138510
46.557220 -6.829814434 0.133953542 1.458024979 0.038367830 0.916326642 0.012315473 -0.398398906
46.660970 -6.842338562 0.134829253 1.438395500 0.038050897 0.918443799 0.011749363 -0.393541753
46.764550 -6.860970497 0.134724453 1.420514226 0.041748013 0.922631264 0.011065372 -0.383257329
46.868310 -6.875663280 0.134568289 1.402225494 0.043423619 0.926947713 0.010152549 -0.372531027
46.971930 -6.886457920 0.134903088 1.381925464 0.044051774 0.931045830 0.009590472 -0.362106591
47.075560 -6.915481091 0.137411162 1.360887647 0.042773623 0.937384903 0.011132459 -0.345479429
47.179170 -6.931672096 0.137503251 1.344532371 0.040011976 0.943242848 0.012057893 -0.329464048
47.282920 -6.943458080 0.138798669 1.322122455 0.040182538 0.948430300 0.011697706 -0.314211041
47.386540 -6.953649044 0.139902741 1.297939539 0.037861008 0.953606606 0.012426831 -0.298406720
47.490160 -6.964035988 0.137871966 1.281335592 0.037305925 0.959831357 0.014931768 -0.277685136
47.593870 -6.973002911 0.138758674 1.259580135 0.037130754 0.965787351 0.015655298 -0.256185532
47.697410 -6.981509209 0.138806090 1.245395064 0.034420289 0.971752286 0.015941391 -0.232934639
47.801160 -6.991142273 0.138242766 1.222727180 0.029944716 0.977354169 0.016296659 -0.208845809
47.904910 -6.994878769 0.139345080 1.206130981 0.028711237 0.981965363 0.013654138 -0.186368629
48.008600 -6.996364117 0.142555028 1.190918088 0.026708078 0.986241400 0.009595946 -0.162857324
48.112290 -7.004166126 0.140010133 1.164187431 0.020342635 0.990089238 0.011572446 -0.138476118
48.216060 -7.006759644 0.142179638 1.143533111 0.021482952 0.993177533 0.010317189 -0.114150964
48.319780 -7.009219170 0.141356498 1.131767035 0.017751295 0.995851278 0.014095624 -0.088127531
48.423630 -7.010596275 0.141077012 1.109734893 0.011581277 0.997797310 0.016631424 -0.063164674
48.527420 -7.011646748 0.142732009 1.080772758 0.012628722 0.999110341 0.016082646 -0.036883488
48.631190 -7.006289482 0.139675260 1.061503291 0.014498702 0.999581039 0.019831682 -0.015304817
48.734910 -7.009185314 0.142478943 1.042814374 0.014424821 0.999612927 0.018254349 0.015256691
48.838780 -7.010888100 0.149269521 1.031093717 0.015626524 0.998692870 0.010826813 0.047445714
48.942530 -6.992764950 0.135172367 1.015370965 0.027506756 0.997634530 0.020551626 0.059550695
106.325500 0.008618693 0.005369219 -0.265048265 -0.001293491 -0.035117701 -0.003513349 0.999376178
106.637700 0.005244268 0.007474673 -0.233791605 0.000520514 -0.045129012 -0.010305219 0.998927891
106.845000 0.004850213 0.005383311 -0.228613466 -0.000441105 -0.049906373 -0.007527831 0.998725414
107.260700 0.003896963 0.006511647 -0.208421588 0.001182982 -0.059383195 -0.012574370 0.998155355
107.364700 -0.087004229 0.023378421 -0.273173183 0.004729935 -0.041437451 -0.038580943 0.998384714
107.468800 -0.164161265 0.035239648 -0.336603969 0.005504746 -0.029295234 -0.048521072 0.998377264
107.572800 -0.211314529 0.046220526 -0.487567186 0.003272152 -0.024679368 -0.014473937 0.999585271
107.780900 -0.003169144 0.004755171 -0.167157486 0.000392822 -0.054011360 -0.015642468 0.998417675
107.885000 -0.040664561 0.005399671 -0.059283562 0.002814185 -0.066551931 0.003377523 0.997773290
107.989000 -0.086319223 0.005134093 0.045839634 0.006820302 -0.068000048 0.025788955 0.997328639
108.093000 -0.134532556 0.000939984 0.149010345 0.003959436 -0.057602428 0.060496058 0.996497095
108.197100 -0.158419460 -0.005217433 0.199858114 -0.000214017 -0.044285204 0.056221630 0.997435689
108.301100 -0.173664525 -0.008963965 0.236072108 0.000528871 -0.034735549 0.047503553 0.998266757
108.405100 -0.176970571 -0.006554429 0.240812451 0.001580921 -0.031248860 0.059257891 0.997752249
108.509100 -0.175530538 -0.005993909 0.238924399 0.003464481 -0.027551748 0.038799867 0.998861074
108.613000 -0.173509657 -0.004991373 0.236285463 0.003771633 -0.029254897 0.043761689 0.998606443
108.717000 -0.172554687 -0.006597990 0.233112186 0.005515123 -0.025568355 0.021956410 0.999416709
108.821000 -0.168002680 -0.008049427 0.223843724 0.003645397 -0.025135765 0.029113807 0.999253392
108.925000 -0.167198986 -0.008503763 0.223137617 0.003917511 -0.021750951 0.022866698 0.999494195
109.028800 -0.167444572 -0.009041057 0.226813123 0.002620384 -0.020214818 0.029228332 0.999364913
109.132800 -0.168561503 -0.008941203 0.226031408 0.002055227 -0.017696258 0.029376412 0.999409676
109.236800 -0.166289330 -0.009103199 0.224048063 0.000581099 -0.015207858 0.034524042 0.999287963
109.340700 -0.164773360 -0.010166976 0.223710746 -0.000425257 -0.012753921 0.028138889 0.999522567
109.444700 -0.167367950 -0.009967825 0.232592344 -0.000307775 -0.010246280 0.032037187 0.999434114
109.548600 -0.164912328 -0.010088811 0.231579751 -0.001008465 -0.008010311 0.027947396 0.999576807
109.652600 -0.165033072 -0.010304435 0.235702947 -0.001897094 -0.005616258 0.027870402 0.999593973
109.756500 -0.166414529 -0.010874059 0.240947783 -0.002210451 -0.002798424 0.028751167 0.999580264
109.860500 -0.166408420 -0.010861492 0.243916392 -0.002955638 -0.001187906 0.030999731 0.999514341
109.964400 -0.165900365 -0.011412134 0.245398581 -0.002527614 0.001069930 0.032101810 0.999480844
110.068200 -0.165424988 -0.011574030 0.245578319 -0.000996565 0.002732678 0.030936154 0.999517143
110.172100 -0.166508779 -0.010946914 0.249023810 -0.000016190 0.003898714 0.030473568 0.999527991
110.276000 -0.167194158 -0.011076919 0.252140373 -0.000271153 0.005893870 0.026049264 0.999643266
110.380000 -0.168569684 -0.011385857 0.256364256 -0.001639650 0.008466191 0.026197709 0.999619603
110.484000 -0.165092677 -0.011038681 0.271353275 -0.002186134 0.010010379 0.027360516 0.999573112
110.587800 -0.164992347 -0.011135716 0.276107162 -0.002504519 0.014530591 0.031477645 0.999395669
110.691700 -0.165277332 -0.010831577 0.280006647 -0.000545768 0.018447660 0.034043245 0.999249935
110.795600 -0.165187746 -0.011362071 0.283824652 0.000587040 0.017157611 0.036722582 0.999178052
110.899200 -0.165561870 -0.011489021 0.287528932 0.001461173 0.012142488 0.035868920 0.999281645
111.002900 -0.165593460 -0.011544545 0.291024536 0.003517291 0.003616100 0.033191711 0.999436259
111.106600 -0.166700587 -0.011538310 0.296506912 0.005589959 -0.005255022 0.028424418 0.999566495
111.210200 -0.167657867 -0.011435386 0.300913036 0.006871946 -0.014418589 0.026856503 0.999511719
111.314000 -0.167845294 -0.011769045 0.304193676 0.006770072 -0.025363067 0.029687604 0.999214470
111.417700 -0.167011723 -0.012006908 0.312215149 0.004515892 -0.040811293 0.028889239 0.998738945
111.521300 -0.168007553 -0.012087424 0.315948099 0.001629823 -0.053617001 0.026990248 0.998195410
111.625100 -0.169748619 -0.012252162 0.317914367 0.000573389 -0.065524429 0.021884704 0.997610807
111.728700 -0.170670301 -0.012367046 0.321829736 -0.000197282 -0.079023145 0.020702448 0.996657789
111.832500 -0.171471104 -0.012129989 0.325593889 -0.001176666 -0.092307568 0.022063682 0.995485365
111.936400 -0.171563014 -0.012550537 0.333102256 -0.002733048 -0.103451386 0.022678277 0.994372189
112.040200 -0.172674567 -0.012729567 0.336752594 -0.004074262 -0.110098600 0.020714208 0.993696451
112.144200 -0.174017996 -0.012892988 0.340769202 -0.005702584 -0.114316538 0.015620776 0.993305206
112.248300 -0.175207004 -0.012746071 0.344802946 -0.006493800 -0.114996284 0.013734322 0.993249714
112.352500 -0.175963804 -0.012642662 0.348562419 -0.006513730 -0.112683095 0.014087784 0.993509769
112.456700 -0.175921425 -0.012744447 0.351702541 -0.006848037 -0.109630503 0.015730601 0.993824303
112.561000 -0.176444158 -0.012642715 0.354799598 -0.008134793 -0.105553582 0.019292703 0.994193137
112.665100 -0.176637724 -0.012948247 0.357205510 -0.009983817 -0.100890622 0.020034235 0.994645655
112.769200 -0.176834911 -0.012934549 0.360117108 -0.011046054 -0.095967606 0.020453174 0.995113015
112.873300 -0.177757263 -0.013100702 0.362820476 -0.010502029 -0.090186298 0.016995890 0.995724499
112.977500 -0.178409368 -0.012864073 0.364549786 -0.010972645 -0.085105017 0.019893367 0.996112943
113.081600 -0.177789912 -0.013044586 0.364684999 -0.011189829 -0.080452822 0.020555926 0.996483624
113.185700 -0.177929580 -0.013112213 0.365836531 -0.010313322 -0.077674165 0.020122079 0.996722341
113.289700 -0.178806290 -0.013447480 0.367761374 -0.010184050 -0.075561382 0.018827824 0.996911347
113.393700 -0.178767413 -0.013488896 0.368245572 -0.009703106 -0.074890845 0.017798051 0.996985674
113.497700 -0.178820252 -0.013424669 0.368784428 -0.010225681 -0.075448416 0.020159820 0.996893406
113.601700 -0.178406641 -0.012894401 0.368577272 -0.008718101 -0.076311447 0.021613734 0.996811628
113.705700 -0.178989723 -0.012972459 0.368938565 -0.005152891 -0.075360551 0.019573908 0.996950865
113.809700 -0.178988129 -0.013425249 0.368573844 -0.004007714 -0.074909970 0.018480103 0.997011006
113.913600 -0.178821117 -0.013622900 0.370533377 -0.004749158 -0.075594902 0.019135995 0.996943653
114.017600 -0.178725466 -0.013790663 0.370457262 -0.005792090 -0.075576000 0.019624196 0.996930122
114.121600 -0.179194808 -0.013593160 0.370231599 -0.005768791 -0.074750409 0.020170402 0.996981561
114.225600 -0.179247618 -0.013534792 0.370355546 -0.005993993 -0.074420974 0.019485338 0.997018516
114.329600 -0.179304898 -0.013310235 0.370676994 -0.005542513 -0.074824698 0.020495087 0.996970654
