1.500218 -0.011696494 -0.007509307 0.015393043 -0.012249433 0.014174926 0.005414776 0.999809861
1.666909 -0.016622579 -0.012558628 0.019410560 -0.009472204 0.012895513 -0.000226804 0.999871969
1.833600 -0.015105902 -0.016882064 0.021503365 -0.004915979 0.010146266 -0.003952892 0.999928653
2.000291 -0.007701094 -0.006826767 0.021332150 0.006214166 0.007825577 -0.003600368 0.999943554
2.166981 -0.014733592 -0.023408256 0.027645076 0.005061939 0.013846463 -0.002105589 0.999889076
2.333672 -0.013862510 -0.031436149 0.031098582 0.007588921 0.018429790 -0.002266607 0.999798775
2.500363 -0.006307247 -0.015847908 0.023638105 0.025867373 0.016685782 -0.003329920 0.999520540
2.667054 -0.010966196 -0.046046872 0.032880135 0.025400091 0.019655185 -0.000545172 0.999484003
2.833745 -0.005888144 -0.032051191 0.031107197 0.039983485 0.019303355 -0.000756410 0.999013543
3.000436 -0.007809453 -0.059718017 0.038136829 0.039006386 0.021149036 -0.000222470 0.999015093
3.167127 -0.007671183 -0.065544926 0.039313164 0.045469616 0.021885335 -0.001970241 0.998723984
3.333818 -0.008593393 -0.071393527 0.035603058 0.054877825 0.022941137 -0.003314447 0.998223960
3.500509 -0.008953699 -0.079578646 0.031965241 0.066340186 0.022956826 -0.002571693 0.997529626
3.667199 -0.011375064 -0.097723953 0.026906222 0.076398961 0.022609217 -0.002997397 0.996816456
3.833890 -0.013122042 -0.103595860 0.021591038 0.091513857 0.020641154 -0.003138151 0.995584905
4.000581 -0.013404462 -0.113531820 0.015977116 0.104825839 0.018377796 -0.005297677 0.994306684
4.167272 -0.013377964 -0.118478082 0.011842130 0.117299236 0.015402723 -0.006669060 0.992954791
4.333963 -0.014118115 -0.126503110 0.007017646 0.126793623 0.010492401 -0.007703845 0.991843700
4.500654 -0.014483368 -0.130028009 0.003807353 0.136060476 0.001971992 -0.008335745 0.990663528
4.667345 -0.015080514 -0.136986420 -0.001674203 0.145051032 -0.006671049 -0.008845062 0.989362121
4.834036 -0.015558994 -0.143585339 -0.009216187 0.156985328 -0.014115315 -0.009566283 0.987453699
5.000727 -0.017341560 -0.147843197 -0.016527742 0.167544961 -0.019317055 -0.012550783 0.985595286
5.167417 -0.017568277 -0.151001856 -0.020434352 0.175873592 -0.022608457 -0.016335478 0.984017491
5.334108 -0.019227557 -0.149034023 -0.024454651 0.182160318 -0.024334870 -0.018143170 0.982800186
5.500799 -0.019036230 -0.147438645 -0.023071682 0.180988073 -0.026534170 -0.018848302 0.982946575
5.667490 -0.018573381 -0.141844288 -0.018904595 0.175377920 -0.028274927 -0.020513222 0.983881235
5.834181 -0.016187035 -0.132533997 -0.014206714 0.167549536 -0.029916752 -0.020847484 0.985189080
6.000872 -0.019129669 -0.125510201 -0.011829856 0.154849187 -0.029683109 -0.023141023 0.987220883
6.167563 -0.018718494 -0.112423427 -0.006402296 0.142659813 -0.030088617 -0.025246779 0.988992155
6.334254 -0.020269154 -0.104681253 -0.004220669 0.128632009 -0.031287469 -0.026884215 0.990834057
6.500944 -0.019835083 -0.094579667 -0.000668459 0.114678644 -0.032666188 -0.027783498 0.992476583
6.667635 -0.020047270 -0.083875351 0.002206616 0.098359808 -0.033578224 -0.027352910 0.994208097
6.834326 -0.021565987 -0.069429025 0.007063200 0.081274927 -0.034152675 -0.027661618 0.995722234
7.001017 -0.021076763 -0.055370942 0.013602902 0.062883943 -0.035598319 -0.027672675 0.997001767
7.167708 -0.018322527 -0.040793054 0.017089881 0.044983234 -0.037900779 -0.026524959 0.997916043
7.334399 -0.017968308 -0.029077781 0.018552275 0.028510507 -0.039712049 -0.024351029 0.998507440
7.501090 -0.022224439 -0.018382538 0.017201198 0.015547642 -0.039504021 -0.026181178 0.998755336
7.667781 -0.027106699 -0.005977176 0.017513128 0.003861914 -0.039995760 -0.029231006 0.998764753
7.834472 -0.029865546 0.005250994 0.018129682 -0.005653351 -0.042120025 -0.030676318 0.998625517
8.001162 -0.034614809 0.012012305 0.019776559 -0.014989019 -0.045896415 -0.030925369 0.998354912
8.167853 -0.036280353 0.019570393 0.023244059 -0.023594562 -0.051626876 -0.031610452 0.997887135
8.334544 -0.039280590 0.027929004 0.027834270 -0.033844553 -0.055980675 -0.033714075 0.997288346
8.501235 -0.039563585 0.034937888 0.031812813 -0.045257442 -0.059123117 -0.034893069 0.996613622
8.667926 -0.040813860 0.042095095 0.034777813 -0.055937104 -0.061550464 -0.035754941 0.995893657
8.834617 -0.045888979 0.054394290 0.037027545 -0.064712815 -0.062154282 -0.037848450 0.995247006
9.001308 -0.045799375 0.061135676 0.038034759 -0.073894307 -0.064099431 -0.039885957 0.994404316
9.167999 -0.043695319 0.065403253 0.037278850 -0.082420669 -0.067400396 -0.043100577 0.993381262
9.334689 -0.044691797 0.072959229 0.038416971 -0.091706239 -0.070866115 -0.048532657 0.992074847
9.501380 -0.046384793 0.084912345 0.041624546 -0.101066716 -0.073978476 -0.053162239 0.990700006
9.668071 -0.048327561 0.090322696 0.044858806 -0.111917622 -0.079228804 -0.057009824 0.988912106
9.834762 -0.053870026 0.094219707 0.048789348 -0.122139037 -0.087896951 -0.061202612 0.986716986
10.001453 -0.059195213 0.098610178 0.055727549 -0.131027937 -0.097707562 -0.068173662 0.984193742
10.168144 -0.062054530 0.100105003 0.064442761 -0.139399931 -0.107309401 -0.071524516 0.981802702
10.334835 -0.063346542 0.095998481 0.070893668 -0.144281849 -0.117663547 -0.072350100 0.979848742
10.501526 -0.066273898 0.087420098 0.077710710 -0.144413963 -0.126073718 -0.075551786 0.978540719
10.668217 -0.069835968 0.074672595 0.080901995 -0.138228223 -0.131792009 -0.079585694 0.978360832
10.834907 -0.070913173 0.063248724 0.093342192 -0.135019138 -0.137453586 -0.080972165 0.977916062
11.001598 -0.075586043 0.054348532 0.103016339 -0.133794338 -0.144040138 -0.085353427 0.976763189
11.168289 -0.079372942 0.037238427 0.117557526 -0.131057978 -0.150497720 -0.092645451 0.975495279
11.334980 -0.084533133 0.021935955 0.127616003 -0.121442840 -0.158794135 -0.100925855 0.974602520
11.501671 -0.090079352 0.002637882 0.138933092 -0.112371676 -0.167229220 -0.106626235 0.973672330
11.668362 -0.095222011 -0.010268137 0.145209938 -0.099861339 -0.174291566 -0.109596759 0.973467350
11.835053 -0.097163498 -0.021755530 0.150956184 -0.088893868 -0.179192185 -0.109229468 0.973682165
12.001744 -0.099809662 -0.038254049 0.154153675 -0.077390835 -0.182078451 -0.107980818 0.974268019
12.168435 -0.101086646 -0.049143419 0.158585697 -0.064857528 -0.182521299 -0.105412893 0.975380719
12.335125 -0.099658437 -0.062164709 0.163170040 -0.053466816 -0.183922336 -0.101949744 0.976176262
12.501816 -0.096066095 -0.080416799 0.167841986 -0.041169059 -0.185179785 -0.099688068 0.976768076
12.668507 -0.090950660 -0.098154493 0.172023594 -0.027504200 -0.182926208 -0.096009336 0.978040755
12.835198 -0.092650354 -0.110127755 0.176357463 -0.013000226 -0.178460255 -0.092191644 0.979532361
13.001889 -0.097115241 -0.125133753 0.181223691 -0.000127629 -0.174099281 -0.088878773 0.980708897
13.168580 -0.101592042 -0.141560599 0.190165222 0.011828331 -0.168311179 -0.083741061 0.982099235
13.335271 -0.111288108 -0.157736078 0.195449710 0.027202867 -0.156925499 -0.076308973 0.984282136
13.501962 -0.120523274 -0.177158147 0.204628795 0.038805783 -0.144702494 -0.067745648 0.986390293
13.668652 -0.131914154 -0.191673309 0.209503263 0.051909380 -0.133651391 -0.063608132 0.987621784
13.835343 -0.140175655 -0.203665853 0.218926087 0.061677240 -0.126506373 -0.059281670 0.988270104
14.002034 -0.147294000 -0.220331192 0.226070061 0.070005983 -0.121651888 -0.055196133 0.988561273
14.168725 -0.155280024 -0.233501226 0.227699086 0.082065292 -0.116655156 -0.055482905 0.988219917
14.335416 -0.160348132 -0.246951491 0.232139185 0.096621141 -0.116394326 -0.050882366 0.987181723
14.502107 -0.166904256 -0.257407695 0.237064272 0.107904755 -0.118934602 -0.045419071 0.985975802
14.668798 -0.181768432 -0.267058074 0.244439736 0.121479936 -0.120490767 -0.049982995 0.983984888
14.835489 -0.187036455 -0.270262361 0.256635547 0.128477067 -0.121090196 -0.052273277 0.982903004
15.002180 -0.188455671 -0.285047054 0.270068824 0.131590381 -0.120760888 -0.048993938 0.982700586
15.168870 -0.192110211 -0.290357530 0.277664840 0.137961760 -0.116445147 -0.047376987 0.982426882
15.335561 -0.197370484 -0.293545038 0.287595421 0.143472046 -0.112411901 -0.051016092 0.981925011
15.502252 -0.199690133 -0.302762032 0.305693924 0.147093385 -0.115071155 -0.054119654 0.980914474
15.668943 -0.206249177 -0.306497455 0.322145253 0.147861689 -0.116730012 -0.057868548 0.980388820
15.835634 -0.213118345 -0.307991773 0.339779973 0.144032165 -0.119841278 -0.060318120 0.980435908
16.002325 -0.214875668 -0.305194080 0.357400268 0.138213217 -0.121692739 -0.061715893 0.980958283
16.169016 -0.220627904 -0.300824553 0.370019436 0.129148245 -0.120360844 -0.060563870 0.982428610
16.335707 -0.224029854 -0.297374994 0.385539353 0.117380038 -0.120032780 -0.060051762 0.983975530
16.502397 -0.231064081 -0.291220814 0.402569562 0.102971889 -0.121184200 -0.059771791 0.985463619
16.669088 -0.237988055 -0.285554200 0.417916298 0.087647200 -0.126111597 -0.058299322 0.986415267
16.835779 -0.244732335 -0.279577762 0.431405634 0.075306863 -0.129673600 -0.059082150 0.986926019
17.002470 -0.255140692 -0.270762712 0.444401383 0.064800106 -0.128235564 -0.059789672 0.987816691
17.169161 -0.267749906 -0.265517950 0.452296704 0.054832738 -0.124955662 -0.058861896 0.988895714
17.335852 -0.279059500 -0.259982795 0.456721544 0.046515856 -0.118564986 -0.053310554 0.990422428
17.502543 -0.299558282 -0.254512012 0.452093333 0.038161136 -0.106056444 -0.043820005 0.992660820
17.669234 -0.321285725 -0.243758485 0.452746809 0.026333774 -0.095955893 -0.036664333 0.994361460
17.835925 -0.338734388 -0.233805969 0.456726015 0.011230949 -0.087278754 -0.031249804 0.995630324
18.002615 -0.362925202 -0.220986322 0.458345920 -0.003066142 -0.076677188 -0.026816987 0.996690571
18.169306 -0.380423605 -0.212215930 0.456065387 -0.015451291 -0.069848105 -0.023059992 0.997171402
18.335997 -0.397659421 -0.203249067 0.453427583 -0.026055174 -0.063983947 -0.019171456 0.997426510
18.502688 -0.409135342 -0.194666013 0.453686655 -0.036634322 -0.060308155 -0.013952957 0.997409761
18.669379 -0.427952886 -0.181709021 0.453308970 -0.049174123 -0.054318108 -0.010438068 0.997257471
18.836070 -0.443789780 -0.170456231 0.454403996 -0.062588371 -0.052683547 -0.010914992 0.996588171
19.002761 -0.457409948 -0.162895545 0.455590993 -0.075520843 -0.055180110 -0.012879935 0.995532930
19.169452 -0.469185024 -0.153612047 0.458211511 -0.087211713 -0.059314989 -0.017855052 0.994262040
19.336143 -0.479466885 -0.141547650 0.464091986 -0.101249181 -0.062781513 -0.023273733 0.992605388
19.502833 -0.484247565 -0.129671782 0.468445927 -0.117970906 -0.065032266 -0.028658656 0.990470767
19.669524 -0.488008738 -0.120167591 0.472548842 -0.132771790 -0.065483779 -0.032867733 0.988434732
19.836215 -0.494657010 -0.113160893 0.475935519 -0.146509930 -0.066011190 -0.037622094 0.986286938
20.002906 -0.500379145 -0.102230020 0.481271058 -0.159629256 -0.068900548 -0.042836860 0.983837485
20.169597 -0.504355192 -0.092762388 0.487379581 -0.175299689 -0.072418630 -0.048431590 0.980652809
20.336288 -0.506201684 -0.081684440 0.492044508 -0.190800950 -0.076918624 -0.053475890 0.977148354
20.502979 -0.515999973 -0.071726747 0.493820518 -0.204947472 -0.081529818 -0.061863679 0.973407567
20.669670 -0.518311381 -0.062732473 0.496726722 -0.219050214 -0.089577928 -0.070589378 0.969025254
20.836360 -0.519839764 -0.054898873 0.498363614 -0.229049951 -0.094949484 -0.079512000 0.965504289
21.003051 -0.520000696 -0.052462593 0.498712182 -0.235734940 -0.097745672 -0.085751221 0.963079214
21.169742 -0.521519780 -0.050991327 0.499058396 -0.239463359 -0.100023247 -0.090936601 0.961448491
21.336433 -0.527951837 -0.058100335 0.497212917 -0.239520177 -0.102146395 -0.093800142 0.960935891
21.503124 -0.535014212 -0.066966146 0.494333982 -0.233428329 -0.107805982 -0.095098816 0.961688757
21.669815 -0.539536059 -0.080213077 0.488743514 -0.219265193 -0.116610572 -0.095166445 0.963985503
21.836506 -0.544666469 -0.093582645 0.484250873 -0.197838485 -0.125804856 -0.096984476 0.967278183
22.003197 -0.547290206 -0.105445378 0.481923580 -0.177402034 -0.132990330 -0.098216526 0.970152378
22.169888 -0.550586462 -0.119117022 0.487699687 -0.162288368 -0.139393404 -0.097694799 0.971950471
22.336578 -0.557536662 -0.132720709 0.498248398 -0.147329673 -0.148029879 -0.100076370 0.972813368
22.503269 -0.562553406 -0.150537401 0.516317606 -0.135136053 -0.157174051 -0.101549566 0.972996533
22.669960 -0.571254194 -0.169407323 0.535857201 -0.123234928 -0.164648578 -0.105275385 0.972944558
22.836651 -0.579984307 -0.193485022 0.561757982 -0.111627102 -0.170440331 -0.110144690 0.972809136
23.003342 -0.587514639 -0.210845456 0.586663008 -0.103471845 -0.177094653 -0.113520749 0.972133756
23.170033 -0.594673395 -0.226721525 0.606796384 -0.093935192 -0.183873832 -0.114789270 0.971694410
23.336724 -0.599658430 -0.245890483 0.621140659 -0.082123324 -0.191108674 -0.114471145 0.971405983
23.503415 -0.606205463 -0.264859498 0.630741954 -0.066326670 -0.197611570 -0.114453025 0.971314013
23.670105 -0.608702660 -0.284829468 0.636085510 -0.050490770 -0.203613266 -0.113410853 0.971148968
23.836796 -0.613279700 -0.298076004 0.635687053 -0.031189743 -0.208553478 -0.113001920 0.970959961
24.003487 -0.606567502 -0.312350690 0.632020533 -0.010408984 -0.216276616 -0.110277526 0.970028341
24.170178 -0.609265387 -0.335017860 0.617656112 0.018307727 -0.215876222 -0.108540729 0.970196486
24.336869 -0.596832991 -0.352718532 0.609991610 0.047669601 -0.220119655 -0.102826931 0.968866110
24.503560 -0.591744125 -0.366324991 0.601479769 0.073783398 -0.223314524 -0.097781822 0.967018783
24.670251 -0.586696625 -0.380039632 0.592959404 0.095131785 -0.227167457 -0.093318440 0.964695036
24.836942 -0.587803304 -0.396002471 0.583139896 0.111385517 -0.227388769 -0.091310106 0.963093996
25.003633 -0.585525095 -0.392684639 0.577521682 0.128905341 -0.227438062 -0.087240294 0.961272299
25.170323 -0.584214687 -0.397224098 0.571100712 0.144896120 -0.228374839 -0.081310034 0.959290743
25.337014 -0.586168706 -0.413434386 0.564543426 0.153927699 -0.229998156 -0.079615071 0.957636952
25.503705 -0.588535249 -0.417862743 0.561019778 0.164394513 -0.230819345 -0.075748198 0.956012070
25.670396 -0.593356729 -0.418449521 0.559721529 0.173114702 -0.230385467 -0.072510928 0.954827726
25.837087 -0.605925679 -0.415763050 0.559098482 0.174396425 -0.229003116 -0.072274074 0.954944968
26.003778 -0.600875497 -0.412486255 0.562030852 0.167719901 -0.237395197 -0.076578163 0.953755379
26.170469 -0.613209367 -0.399753928 0.565032959 0.157771796 -0.241707265 -0.081423014 0.953968525
26.337160 -0.627410114 -0.382739842 0.568453014 0.144636050 -0.245714903 -0.088928491 0.954356492
26.503851 -0.638004720 -0.364605099 0.574574172 0.128890157 -0.253053457 -0.098619863 0.953742862
26.670541 -0.638643622 -0.364188820 0.577040493 0.106814951 -0.265388042 -0.112831354 0.951540232
26.837232 -0.639037848 -0.346162617 0.580639958 0.088129431 -0.277799785 -0.121961556 0.948781252
27.003923 -0.639998853 -0.319790184 0.587271810 0.069702640 -0.292099327 -0.131956100 0.944673002
27.170614 -0.651275218 -0.298597932 0.589482009 0.053658046 -0.301599979 -0.141270444 0.941382468
27.337305 -0.656950653 -0.285551101 0.596620142 0.036588218 -0.313174397 -0.150564551 0.936970294
27.503996 -0.658942699 -0.279589355 0.604364514 0.018007636 -0.322616607 -0.162365586 0.932325959
27.670687 -0.671374679 -0.265794039 0.605193377 0.003753033 -0.323975116 -0.171040729 0.930468202
27.837378 -0.682433546 -0.246999577 0.610744715 -0.007738308 -0.326579124 -0.177631155 0.928295910
28.004068 -0.690502524 -0.232973903 0.621181607 -0.026240222 -0.329379320 -0.184710220 0.925582409
28.170759 -0.701274216 -0.217991203 0.631316602 -0.044256814 -0.329208285 -0.192319900 0.923404753
28.337450 -0.704681277 -0.210483432 0.643685877 -0.063688830 -0.331996977 -0.199566558 0.919725478
28.504141 -0.713760316 -0.199539080 0.651693404 -0.079748020 -0.333459020 -0.207081109 0.916276574
28.670832 -0.721975446 -0.182068437 0.655660927 -0.093924858 -0.335532010 -0.215288699 0.912275851
28.837523 -0.727363348 -0.165120125 0.660257220 -0.110150479 -0.336460143 -0.224380046 0.907917976
29.004214 -0.732524335 -0.144490570 0.667162418 -0.126047090 -0.337615997 -0.231750622 0.903559208
29.170905 -0.738409460 -0.129239693 0.668071270 -0.138418943 -0.336532950 -0.239829347 0.900037587
29.337596 -0.744787395 -0.109622322 0.671624422 -0.148546383 -0.335096300 -0.249479592 0.896328270
29.504286 -0.752632499 -0.092031181 0.674994171 -0.161373362 -0.334922224 -0.258560687 0.891589642
29.670977 -0.760062218 -0.080315791 0.675384820 -0.173165515 -0.336279690 -0.265803397 0.886723340
29.837668 -0.766478240 -0.080395289 0.672932327 -0.179230377 -0.338171333 -0.269433886 0.883697927
30.004359 -0.775971413 -0.084327094 0.667401016 -0.177027896 -0.341396272 -0.272605568 0.881927371
30.171050 -0.787390113 -0.096565403 0.655886769 -0.170634538 -0.349366933 -0.270935953 0.880579531
30.337741 -0.799113750 -0.111827403 0.640374601 -0.157832220 -0.361069024 -0.267639309 0.879253864
30.504432 -0.813598514 -0.128438458 0.628020287 -0.142531633 -0.372486651 -0.264168888 0.878153265
30.671123 -0.822524309 -0.141936854 0.613316715 -0.123475417 -0.382860601 -0.259950012 0.877836883
30.837813 -0.828675091 -0.158750728 0.602740526 -0.107451580 -0.391680986 -0.254444271 0.877666414
31.004504 -0.840309501 -0.177288771 0.589954138 -0.091393642 -0.396791339 -0.251772106 0.877960503
31.171195 -0.845692635 -0.193179503 0.578482926 -0.074022524 -0.402306497 -0.247564062 0.878283620
31.337886 -0.846225560 -0.209021926 0.568254590 -0.054646980 -0.409084469 -0.240613788 0.878503621
31.504577 -0.852232099 -0.221171603 0.559507072 -0.037815399 -0.413835287 -0.232333943 0.879392564
31.671268 -0.852461457 -0.228792712 0.555406392 -0.022347778 -0.419901758 -0.227441937 0.878324091
31.837959 -0.853162766 -0.242366657 0.549782336 -0.009330348 -0.421924978 -0.222778589 0.878784359
32.004650 -0.855279505 -0.259031832 0.538469851 0.004658879 -0.422980458 -0.217997789 0.879512846
32.171341 -0.851634502 -0.267744213 0.530737996 0.022560259 -0.428145558 -0.210676745 0.878520191
32.338031 -0.850891352 -0.279437721 0.521692276 0.036245234 -0.432074219 -0.204527602 0.877591372
32.504722 -0.844327688 -0.282791942 0.513043642 0.052245915 -0.436145931 -0.196797162 0.876537502
32.671413 -0.846150756 -0.306419134 0.500815749 0.059777346 -0.437813461 -0.191503987 0.876397312
32.838104 -0.839746237 -0.312778682 0.491732925 0.074960791 -0.441770583 -0.183313563 0.874994695
33.004795 -0.830844164 -0.316017628 0.482654661 0.092699915 -0.446526021 -0.174235389 0.872733235
33.171486 -0.825529337 -0.326933116 0.468548805 0.106362902 -0.449304730 -0.165304393 0.871485293
33.338177 -0.820001543 -0.337855756 0.456659555 0.121151671 -0.452359676 -0.154760152 0.869909346
33.504868 -0.817507625 -0.338817090 0.453010708 0.134196177 -0.456244111 -0.146529868 0.867387831
33.671558 -0.815900564 -0.344633132 0.448993266 0.143649772 -0.463493109 -0.140690997 0.862986028
33.838249 -0.816376626 -0.352216840 0.448770046 0.156229824 -0.472734451 -0.133321479 0.856936276
34.004940 -0.821488857 -0.355413675 0.445135027 0.170506552 -0.480856001 -0.125292033 0.850885928
34.171631 -0.834721267 -0.364407361 0.449284762 0.182429329 -0.490918159 -0.120621562 0.843308568
34.338322 -0.845245421 -0.368789643 0.464678466 0.195908949 -0.503608525 -0.118545979 0.833033562
34.505013 -0.857915103 -0.370222479 0.472573489 0.208033115 -0.514291048 -0.115511104 0.823944211
34.671704 -0.871233881 -0.376018584 0.478046745 0.214231953 -0.525847495 -0.113165677 0.815342009
34.838395 -0.887215197 -0.377057910 0.487343520 0.213028952 -0.539430857 -0.114992306 0.806479871
35.005086 -0.904642582 -0.378362536 0.495903820 0.203130215 -0.552211583 -0.120783709 0.799507201
35.171776 -0.918639362 -0.378396749 0.501930892 0.186144903 -0.563031614 -0.129772097 0.794672668
35.338467 -0.932787776 -0.369650573 0.506315649 0.168697760 -0.569910347 -0.145672500 0.790899992
35.505158 -0.944357634 -0.363869905 0.511300623 0.152233556 -0.575042367 -0.159736618 0.787804246
35.671849 -0.960790694 -0.358571291 0.520294130 0.134251654 -0.578102291 -0.173815206 0.785851419
35.838540 -0.977709413 -0.347995996 0.531792045 0.117085837 -0.579390883 -0.189009145 0.784138143
36.005231 -0.994401634 -0.337027311 0.540757000 0.100343898 -0.578720212 -0.201867193 0.783749759
36.171922 -1.009054780 -0.329472899 0.548518062 0.088158742 -0.578477800 -0.211788476 0.782775283
36.338613 -1.022670746 -0.326047182 0.553062975 0.076540820 -0.577711344 -0.218577549 0.782697260
36.505304 -1.037219644 -0.317942113 0.558838665 0.066641606 -0.577055871 -0.224209324 0.782493234
36.671994 -1.051794291 -0.310372204 0.566623569 0.056115724 -0.576271713 -0.230303630 0.782126725
36.838685 -1.064124703 -0.304223955 0.574067652 0.044945914 -0.575871408 -0.236906439 0.781170487
37.005376 -1.073917389 -0.297009289 0.579825044 0.034498282 -0.574346006 -0.244446263 0.780501485
37.172067 -1.083427787 -0.288438588 0.589413583 0.024496254 -0.571053267 -0.255172163 0.779862344
37.338758 -1.092302442 -0.282311380 0.596137881 0.013103076 -0.565850198 -0.267261744 0.779880106
37.505449 -1.097902179 -0.269707263 0.604474843 0.002635109 -0.561806381 -0.276747108 0.779600978
37.672140 -1.106129885 -0.260031313 0.611928403 -0.013160687 -0.558748782 -0.285731286 0.778449893
37.838831 -1.114579916 -0.248001322 0.619493961 -0.029131548 -0.556836307 -0.293874711 0.776351988
38.005521 -1.120861292 -0.234328404 0.627221644 -0.042064950 -0.556220949 -0.301530898 0.773257971
38.172212 -1.126847386 -0.220887616 0.633506298 -0.055298451 -0.553219080 -0.309101313 0.771587431
38.338903 -1.132418156 -0.207665622 0.641022325 -0.068764299 -0.549105108 -0.318173110 0.769753814
38.505594 -1.138170362 -0.193110049 0.647514582 -0.079520382 -0.546148241 -0.327143073 0.767056704
38.672285 -1.142411947 -0.179840431 0.650009155 -0.088594936 -0.543323934 -0.335607052 0.764406919
38.838976 -1.150479078 -0.169244736 0.650380552 -0.098349847 -0.540661633 -0.343906552 0.761407018
39.005667 -1.155853748 -0.155005127 0.650297344 -0.105157800 -0.540028393 -0.351793617 0.757332444
39.172358 -1.163593292 -0.145519137 0.649783194 -0.114057764 -0.540669620 -0.359644860 0.751879513
39.339049 -1.168198586 -0.141258225 0.646052718 -0.121651769 -0.545000911 -0.365758806 0.744577289
39.505739 -1.170684457 -0.148055166 0.636627018 -0.121419817 -0.553099632 -0.367638469 0.737685621
39.672430 -1.170889497 -0.157215014 0.624817669 -0.115098476 -0.562755466 -0.368818253 0.730774760
39.839121 -1.170840383 -0.174194306 0.610866129 -0.103864931 -0.574886680 -0.365937799 0.724435568
40.005812 -1.166393280 -0.184382394 0.597366750 -0.087366685 -0.589102447 -0.360498160 0.717890263
40.172503 -1.164167643 -0.193410218 0.580033422 -0.074707456 -0.600620031 -0.357085407 0.711452305
40.339194 -1.156707168 -0.203054190 0.566353559 -0.060501061 -0.610437214 -0.351647377 0.707142234
40.505885 -1.147433758 -0.213369116 0.551159978 -0.045037106 -0.619672418 -0.343321413 0.704349458
40.672576 -1.146312952 -0.221717924 0.538798988 -0.031987742 -0.626239777 -0.335776627 0.702890158
40.839266 -1.148589015 -0.229704872 0.528423607 -0.020153789 -0.629788280 -0.327498853 0.704063237
41.005957 -1.149818301 -0.237374455 0.512077093 -0.008014932 -0.632897615 -0.316955507 0.706339598
41.172648 -1.153990865 -0.244043306 0.498627305 0.002683035 -0.634770870 -0.305380553 0.709789813
41.339339 -1.154829621 -0.250318646 0.486131579 0.015350376 -0.635054708 -0.294628978 0.713907361
41.506030 -1.157753706 -0.254460305 0.476685286 0.025289828 -0.634291589 -0.285153180 0.718138039
41.672721 -1.159926414 -0.258249730 0.467026263 0.033221044 -0.633367419 -0.278595120 0.721198201
41.839412 -1.158109307 -0.264795929 0.455796033 0.043244179 -0.634806216 -0.271136761 0.722243607
42.006103 -1.153810620 -0.269907713 0.443632394 0.056570228 -0.637129009 -0.263426393 0.722130895
42.172794 -1.151225209 -0.276299894 0.431329638 0.067116685 -0.640110552 -0.256481051 0.721090317
42.339484 -1.146849513 -0.278748274 0.422536910 0.078293525 -0.644665837 -0.248044580 0.718853235
42.506175 -1.143923640 -0.283205926 0.414233774 0.086740337 -0.649378419 -0.239975378 0.716376662
42.672866 -1.143998742 -0.287357271 0.404845864 0.093237244 -0.653874397 -0.232880712 0.713807881
42.839557 -1.144787312 -0.289885998 0.398492277 0.097274221 -0.660140157 -0.226600170 0.709510446
43.006248 -1.144088507 -0.289755225 0.392202079 0.101728700 -0.667743862 -0.221934304 0.703217328
43.172939 -1.144487619 -0.288870603 0.385420203 0.105575711 -0.674427211 -0.220459670 0.696705997
43.339630 -1.147016048 -0.287762851 0.384281486 0.107910238 -0.682358980 -0.220217168 0.688655198
43.506321 -1.152039051 -0.286581308 0.383502811 0.107959285 -0.691096842 -0.219562992 0.680089772
43.673012 -1.163931370 -0.287687689 0.386564374 0.105555750 -0.703372359 -0.219827950 0.667683303
43.839702 -1.177440882 -0.288039207 0.391543925 0.101396650 -0.718328953 -0.221624181 0.651617229
44.006393 -1.189116597 -0.287972212 0.393443227 0.099144265 -0.733053505 -0.227723628 0.633202136
44.173084 -1.197364330 -0.288865387 0.395888478 0.094476841 -0.747489929 -0.235744134 0.613806009
44.339775 -1.209817052 -0.290008366 0.398570538 0.087495990 -0.760759473 -0.246429846 0.594021857
44.506466 -1.218909025 -0.283853978 0.403190404 0.079986237 -0.771538496 -0.255279392 0.577202797
44.673157 -1.228214979 -0.273146987 0.405440181 0.072472185 -0.778768182 -0.263849348 0.564492166
44.839848 -1.238978982 -0.259723932 0.407263726 0.065397672 -0.783013940 -0.272547156 0.555275083
45.006539 -1.254088998 -0.254694104 0.407597870 0.056583833 -0.785485864 -0.282545567 0.547702730
45.173229 -1.268515348 -0.248665884 0.409807861 0.047573879 -0.787135184 -0.292802006 0.540760577
45.339920 -1.282776237 -0.238132715 0.407801151 0.037505995 -0.786023498 -0.303288043 0.537379503
45.506611 -1.297221065 -0.226250052 0.410423875 0.028480373 -0.784120083 -0.315002114 0.533964694
45.673302 -1.311985970 -0.213072598 0.412793159 0.018555121 -0.779875219 -0.327403009 0.533158123
45.839993 -1.327903390 -0.198702976 0.416111618 0.008396513 -0.774723172 -0.340476990 0.532737195
46.006684 -1.341381311 -0.184153825 0.422707528 -0.001602740 -0.769546628 -0.351429582 0.533190966
46.173375 -1.351696491 -0.166454881 0.429609179 -0.010655330 -0.764235139 -0.362576127 0.533263266
46.340066 -1.361345649 -0.148687109 0.435266942 -0.021777099 -0.758259773 -0.377404958 0.531162381
46.506757 -1.368420601 -0.133289605 0.442723691 -0.031902459 -0.754623294 -0.391633213 0.525499165
46.673447 -1.370249867 -0.121945374 0.447391599 -0.040816873 -0.752257645 -0.402895361 0.519728601
46.840138 -1.371121764 -0.107306778 0.451033741 -0.049944773 -0.750453532 -0.414858371 0.512071788
47.006829 -1.369685650 -0.093442589 0.456478387 -0.059854683 -0.748998940 -0.425500751 0.504348278
47.173520 -1.365724802 -0.082221143 0.463806152 0.068800673 0.747395039 0.435519397 -0.496980846
47.340211 -1.361709833 -0.072191305 0.471188396 0.075713463 0.744738400 0.445037633 -0.491501451
47.506902 -1.357636452 -0.067040056 0.474989891 0.078907564 0.741998434 0.451714665 -0.489045799
47.673593 -1.355982304 -0.059117254 0.479815722 0.082442440 0.738737226 0.457666278 -0.487864912
47.840284 -1.357068419 -0.048270199 0.483610094 0.086993366 0.734804511 0.464566231 -0.486490160
48.006974 -1.355322480 -0.037336145 0.485794514 0.090370126 0.731483638 0.469964266 -0.485693812
48.173665 -1.353066206 -0.028802466 0.481209040 0.094968274 0.727020919 0.478842169 -0.482837319
48.340356 -1.346233130 -0.028943088 0.468623102 0.095838048 0.727126122 0.484149605 -0.477181077
48.507047 -1.335388780 -0.035511609 0.453455627 0.091898516 0.732809663 0.485273808 -0.468031973
48.673738 -1.324148178 -0.048097242 0.437542647 0.087048508 0.742251635 0.482471824 -0.456843555
48.840429 -1.311071277 -0.059584890 0.420996249 0.078546219 0.754776359 0.475301445 -0.445232183
49.007120 -1.301563025 -0.071850210 0.402870774 0.070622243 0.765673399 0.467058450 -0.436592698
49.173811 -1.292327881 -0.084063485 0.389554948 0.062531769 0.775852919 0.458999932 -0.428323567
49.340502 -1.284821987 -0.092017792 0.375796378 0.055486809 0.785234153 0.449293584 -0.422449827
49.507192 -1.278430223 -0.102854766 0.364086717 0.048905518 0.794747710 0.439282089 -0.415951401
49.673883 -1.273241878 -0.112887375 0.356471866 0.041706849 0.803655207 0.429766417 -0.409511477
49.840574 -1.267417073 -0.115881085 0.347507775 0.034037378 0.809540153 0.423350930 -0.405290216
50.007265 -1.259753466 -0.122984998 0.339850724 0.026515758 0.816054761 0.416083366 -0.400282592
50.173956 -1.254418135 -0.140472278 0.332837880 0.021770451 0.822995543 0.408105612 -0.394530356
50.340647 -1.247803569 -0.151904985 0.328630716 0.015791371 0.830189645 0.397493333 -0.390557200
50.507338 -1.239392877 -0.164599895 0.324510634 0.008364070 0.837388694 0.385338902 -0.387587607
50.674029 -1.196360350 -0.161236808 0.314048886 -0.008575470 0.845531583 0.372716069 -0.382211387
50.840720 -1.187411904 -0.168948218 0.312336773 -0.016266428 0.851858675 0.361315697 -0.378844559
51.007410 -1.176781654 -0.181134686 0.309190869 -0.022796072 0.857475936 0.350441635 -0.376040012
51.174101 -1.199074864 -0.207401514 0.313273489 -0.020980116 0.861672282 0.339977503 -0.376159459
51.340792 -1.186658382 -0.217905715 0.311120510 -0.027610397 0.867235065 0.328252345 -0.373351485
51.507483 -1.176163673 -0.229361638 0.309768796 -0.034309309 0.873598099 0.314420402 -0.369850039
51.674174 -1.163100123 -0.238194332 0.306666702 -0.040110886 0.878878057 0.301360935 -0.367622167
51.840865 -1.156322718 -0.250154465 0.306030333 -0.045208149 0.883430719 0.289848059 -0.365368992
52.007556 -1.144050717 -0.256835967 0.307386398 -0.052734669 0.887320876 0.276748419 -0.365090430
52.174247 -1.133316278 -0.265177518 0.307703078 -0.059232466 0.890635371 0.265650988 -0.364265949
52.340937 -1.122480154 -0.273376673 0.309194863 -0.065252103 0.894227684 0.254823297 -0.362165928
52.507628 -1.112343431 -0.276355624 0.309642434 -0.069951735 0.897356808 0.246494740 -0.359301895
52.674319 -1.100702286 -0.282913804 0.308117300 -0.074612796 0.899989128 0.241264597 -0.355308056
52.841010 -1.096505761 -0.285621971 0.307307303 -0.077758454 0.902604282 0.236752465 -0.351009011
53.007701 -1.096135259 -0.277640581 0.304606646 -0.078947239 0.903460026 0.237198457 -0.348230064
53.174392 -1.105138540 -0.266850084 0.297604233 -0.075478226 0.902262211 0.248051390 -0.344523519
53.341083 -1.112752438 -0.258022875 0.291909903 -0.069405660 0.900376916 0.262596935 -0.339922220
53.507774 -1.111891150 -0.244146600 0.283388585 -0.065620005 0.898842037 0.274569273 -0.335244358
53.674465 -1.113028884 -0.230803818 0.275490522 -0.059897169 0.897241950 0.287038267 -0.330118477
53.841155 -1.118725896 -0.218869463 0.269011080 -0.053140998 0.895078123 0.299841315 -0.325739741
54.007846 -1.122670412 -0.207448408 0.264343083 -0.047226936 0.892156720 0.311673343 -0.323551774
54.174537 -1.123916745 -0.196940452 0.258991301 -0.041779056 0.889517307 0.321956813 -0.321492314
54.341228 -1.128573060 -0.187337622 0.254553020 -0.034067664 0.887138128 0.333084822 -0.317615777
54.507919 -1.131079197 -0.174553439 0.249724016 -0.026265502 0.883831322 0.345578998 -0.314209193
54.674610 -1.133197904 -0.159692273 0.244870886 -0.019328000 0.879264116 0.360301524 -0.310972393
54.841301 -1.132022738 -0.139660299 0.242393762 -0.013915958 0.873942196 0.376436591 -0.307126760
55.007992 -1.133877516 -0.121505097 0.240644127 -0.005928705 0.867690146 0.393958777 -0.303109109
55.174682 -1.135112882 -0.101231426 0.239216059 0.001765343 0.861005664 0.412147105 -0.297994792
55.341373 -1.134563923 -0.084984325 0.238536894 0.010223778 0.854508877 0.428396046 -0.293576092
55.508064 -1.133999467 -0.070921525 0.238182336 0.017060272 0.849907756 0.441686153 -0.286843449
55.674755 -1.129580259 -0.059619576 0.234492287 0.021440774 0.845419765 0.453054011 -0.282042116
55.841446 -1.128038764 -0.043349903 0.231529653 0.026434936 0.840362012 0.466172814 -0.275274098
56.008137 -1.122540355 -0.027199946 0.229249001 0.031939037 0.834864676 0.480097622 -0.267370760
56.174828 -1.115595102 -0.008813253 0.228073522 0.034859668 0.830089450 0.493489891 -0.257301450
56.341519 -1.110107422 0.004507852 0.227356359 0.037636552 0.826181293 0.506331563 -0.244205520
56.508210 -1.103957415 0.010870912 0.224350557 0.039124146 0.823314905 0.516600132 -0.231832221
56.674900 -1.094023943 0.012961930 0.223962322 0.038838517 0.823092699 0.521400034 -0.221702307
56.841591 -1.086384058 0.010545984 0.219469875 0.037989471 0.823881209 0.524337232 -0.211771190
57.008282 -1.078654528 -0.006042381 0.215224549 0.035503469 0.829842031 0.519524217 -0.200490266
57.174973 -1.069808125 -0.020140743 0.211197004 0.030035203 0.837462008 0.511214495 -0.190827176
57.341664 -1.061988354 -0.035428140 0.205338255 0.024171263 0.845269203 0.501664042 -0.182397500
57.508355 -1.053094983 -0.050616238 0.198322028 0.017649116 0.853584826 0.490192413 -0.175478831
57.675046 -1.046866298 -0.064929768 0.191297412 0.011350055 0.861780226 0.477877200 -0.169821754
57.841737 -1.040324330 -0.078504629 0.184846342 0.005554327 0.870203078 0.464503855 -0.164170459
58.008428 -1.035641074 -0.087682508 0.179740161 0.000593928 0.877625763 0.452349871 -0.158594668
58.175118 -1.029394627 -0.100211635 0.172619820 -0.003870060 0.883890927 0.441196591 -0.155136839
58.341809 -1.024711609 -0.115314156 0.167859435 -0.008441619 0.891505957 0.426510125 -0.152430192
58.508500 -1.019504189 -0.128006577 0.165595040 -0.012656811 0.899099350 0.410919815 -0.150349870
58.675191 -1.015430093 -0.140788242 0.165083393 -0.014303965 0.905675352 0.396889955 -0.148411244
58.841882 -1.011230707 -0.153840378 0.166723520 -0.015962083 0.911934495 0.383283585 -0.145651400
59.008573 -1.007447362 -0.164938241 0.172302216 -0.018645503 0.918804228 0.367496789 -0.142818958
59.175264 -1.003957629 -0.178659260 0.175225526 -0.020090310 0.925553322 0.351190716 -0.140044481
59.341955 -1.001023293 -0.190721720 0.176511168 -0.020815870 0.931529999 0.336164176 -0.137157500
59.508645 -0.993123293 -0.201154038 0.178642124 -0.021520911 0.936449587 0.323038071 -0.135075405
59.675336 -0.990376949 -0.210955203 0.181464583 -0.021688394 0.941005111 0.310610205 -0.132515565
59.842027 -0.988233507 -0.219619855 0.187115431 -0.021564594 0.945526481 0.297786862 -0.129759774
60.008718 -0.987034023 -0.232949451 0.194298491 -0.020283191 0.950043321 0.284857094 -0.125947416
60.175409 -0.987799942 -0.237345204 0.205944330 -0.022964796 0.954621196 0.272663116 -0.117583193
60.342100 -0.991324484 -0.244001746 0.214618862 -0.024259821 0.957234621 0.268061161 -0.106097206
60.508791 -0.998149931 -0.248043343 0.222960234 -0.022348344 0.959370017 0.265756041 -0.092105277
60.675482 -1.000998259 -0.248646602 0.225798190 -0.021356225 0.960091233 0.267250329 -0.079661906
60.842173 -0.996182203 -0.240057752 0.223035008 -0.022774339 0.959884107 0.271400511 -0.066675529
61.008863 -0.989546239 -0.233300790 0.208476543 -0.020972749 0.958073676 0.280749887 -0.053239986
61.175554 -0.983497739 -0.216129839 0.199554041 -0.017360369 0.955987215 0.290058255 -0.040661480
61.342245 -0.970961392 -0.200095966 0.185417235 -0.013943790 0.952173531 0.303773671 -0.029878600
61.508936 -0.961617529 -0.176417485 0.171310797 -0.011410148 0.947688997 0.318317831 -0.020717030
61.675627 -0.948261917 -0.154394850 0.155416623 -0.010231277 0.941710651 0.335983187 -0.013843546
61.842318 -0.935605943 -0.131971821 0.137489036 -0.008492498 0.934555471 0.355660170 -0.006299729
62.009009 -0.919063449 -0.109327048 0.122859493 -0.007370302 0.927645802 0.373384863 0.001643885
62.175700 -0.902375579 -0.088376440 0.112234645 -0.007773302 0.920358360 0.390908271 0.008415199
62.342390 -0.887354672 -0.068885490 0.100149632 -0.008811148 0.912661672 0.408395350 0.013575852
62.509081 -0.871744692 -0.049969632 0.093385153 -0.012392439 0.905898452 0.422920465 0.018240504
62.675772 -0.854448378 -0.031739421 0.084612735 -0.013166827 0.898976505 0.437158406 0.023672333
62.842463 -0.839487433 -0.011372324 0.077089660 -0.012455033 0.892318904 0.450283974 0.029260218
63.009154 -0.829495370 0.008002669 0.067687042 -0.009732225 0.884707987 0.464678437 0.035651848
63.175845 -0.810713351 0.022818659 0.061742637 -0.007562762 0.878325641 0.476322293 0.040049322
63.342536 -0.796633542 0.041899387 0.056070242 -0.006453441 0.872019708 0.487255186 0.046069499
63.509227 -0.781339109 0.054586262 0.048436679 -0.005643076 0.864838481 0.499484569 0.050375350
63.675918 -0.771763623 0.065730833 0.042337369 -0.007449173 0.859609485 0.507841945 0.055791032
63.842608 -0.759421647 0.076729387 0.038242977 -0.008557167 0.855010688 0.515052974 0.060033094
64.009299 -0.754129708 0.088167436 0.032026149 -0.006394984 0.850594640 0.521521986 0.066803336
64.175990 -0.744548082 0.095191099 0.024879254 -0.006106267 0.847678781 0.525285304 0.074018605
64.342681 -0.739658177 0.102928273 0.011760866 -0.005136850 0.847061932 0.525126398 0.081865899
64.509372 -0.732533693 0.110995069 -0.014687638 -0.004902806 0.847622931 0.523386240 0.087052271
64.676063 -0.726502180 0.117563792 -0.044911556 -0.004757098 0.848786056 0.520846426 0.090876468
64.842754 -0.717352152 0.127931580 -0.077012673 -0.004092668 0.849440575 0.518907785 0.095752813
65.009445 -0.708280087 0.128898099 -0.100836061 -0.001070908 0.851020455 0.515360773 0.100828402
65.176136 -0.696512163 0.122103624 -0.119566455 0.000129700 0.854492784 0.508298874 0.107118398
65.342826 -0.691323817 0.114588469 -0.130887479 0.001251192 0.861036718 0.495625734 0.113883108
65.509517 -0.686893165 0.105521500 -0.141113490 0.000670505 0.867055535 0.483719140 0.119289882
65.676208 -0.683999002 0.101245873 -0.146667719 -0.000121001 0.872340918 0.472608835 0.125148848
65.842899 -0.682672799 0.093305781 -0.151959673 0.001340294 0.877035856 0.462350875 0.130529702
66.009590 -0.686179519 0.082119085 -0.153699115 0.004583176 0.882796884 0.449916601 0.134995326
66.176281 -0.686897874 0.068964310 -0.159452721 0.006242661 0.888401926 0.437748760 0.138126999
66.342972 -0.692789733 0.056971993 -0.159193203 0.007838733 0.895247281 0.422321618 0.141828343
66.509663 -0.699081242 0.043546621 -0.158738151 0.009490957 0.901435137 0.407307267 0.146374062
66.676353 -0.696026027 0.027716378 -0.165056974 0.010249546 0.906072557 0.396318644 0.147847623
66.843044 -0.702139199 0.016016187 -0.162646487 0.013124674 0.911306858 0.383067191 0.150356680
67.009735 -0.703211904 0.004629367 -0.161044672 0.015070654 0.915983438 0.370769501 0.152568862
67.176426 -0.702224255 -0.002748013 -0.158760205 0.017288890 0.920447409 0.358278453 0.155287579
67.343117 -0.705057979 -0.015986828 -0.160064995 0.021391446 0.923926950 0.347609699 0.158331707
67.509808 -0.707244873 -0.027573101 -0.159785748 0.025632452 0.928157687 0.334841311 0.160460576
67.676499 -0.707369387 -0.033544417 -0.159707755 0.027889298 0.932285130 0.322981119 0.160467446
67.843190 -0.706222415 -0.043702416 -0.161506176 0.026497448 0.935945392 0.312700868 0.159756884
68.009881 -0.706786096 -0.051914603 -0.162050530 0.025584830 0.939922273 0.300727546 0.159544647
68.176571 -0.710087419 -0.059100546 -0.164061576 0.029621556 0.943512857 0.289043993 0.159247309
68.343262 -0.708004653 -0.062541731 -0.167523280 0.033201471 0.946218848 0.279739439 0.159102067
68.509953 -0.706356049 -0.065957271 -0.171086267 0.035913441 0.948195279 0.270891130 0.162030637
68.676644 -0.703269243 -0.069415778 -0.177867979 0.039703909 0.949266016 0.264512181 0.165381297
68.843335 -0.695782304 -0.065738514 -0.185433015 0.041247528 0.948486447 0.264539570 0.169383839
69.010026 -0.688242078 -0.055638302 -0.192511380 0.040641151 0.944821417 0.272971123 0.176486716
69.176717 -0.676175117 -0.032804858 -0.190918624 0.037293557 0.940024376 0.284917742 0.183807656
69.343408 -0.665411651 -0.010700269 -0.191307843 0.035856683 0.930302799 0.307260484 0.197083607
69.510098 -0.654934168 0.018133635 -0.187146828 0.029776657 0.918573797 0.332613289 0.211432949
69.676789 -0.641783595 0.041152570 -0.186901852 0.023367148 0.909351051 0.351769090 0.220891893
69.843480 -0.631458342 0.065339930 -0.178392723 0.015858570 0.899265409 0.371490419 0.230358720
70.010171 -0.623610973 0.084615842 -0.172910020 0.009899427 0.889948785 0.388065428 0.239370793
70.176862 -0.614408433 0.098043025 -0.169859260 0.004516253 0.880444050 0.404821634 0.246814445
70.343553 -0.605536342 0.116160400 -0.167591959 0.000528188 0.870052993 0.421274692 0.255998284
70.510244 -0.595036447 0.133840159 -0.164478630 -0.003261564 0.859173477 0.437657148 0.265078396
70.676935 -0.582849622 0.150233790 -0.159912065 -0.006775816 0.848447978 0.452443928 0.274562538
70.843626 -0.570585966 0.167050779 -0.149520054 -0.009805751 0.838671267 0.464335620 0.284476399
71.010316 -0.557377577 0.180904374 -0.140110046 -0.013700937 0.827189028 0.477393121 0.296085149
71.177007 -0.544003785 0.188408554 -0.136285841 -0.016876955 0.815036237 0.491053939 0.307078362
71.343698 -0.532544553 0.198955804 -0.120993786 -0.020249350 0.806145251 0.498667210 0.317884952
71.510389 -0.522940576 0.204684556 -0.110152192 -0.024718219 0.796643198 0.506485522 0.328969717
71.677080 -0.512612939 0.211562201 -0.101345018 -0.030580668 0.787291825 0.513625085 0.339743495
71.843771 -0.506277084 0.215643376 -0.086968973 -0.033505078 0.779717326 0.518049717 0.350061059
72.010462 -0.495986611 0.202919036 -0.085286774 -0.036850028 0.773674965 0.520023108 0.360062629
72.177153 -0.488808841 0.189894512 -0.078046344 -0.037869532 0.773522079 0.513863027 0.369017929
72.343844 -0.475097209 0.168653563 -0.076163039 -0.039157927 0.774514258 0.507806361 0.375136018
72.510534 -0.464765757 0.148670763 -0.074141227 -0.037304167 0.778568566 0.498286605 0.379670739
72.677225 -0.457841247 0.125803247 -0.069790170 -0.031240866 0.784687757 0.485865444 0.383697569
72.843916 -0.441960633 0.094785728 -0.067719877 -0.026185395 0.789959908 0.472379893 0.390044779
73.010607 -0.435932159 0.059458461 -0.066824637 -0.014478878 0.798309267 0.449397683 0.400667429
73.177298 -0.435346395 0.037375417 -0.062172942 -0.003805895 0.806787491 0.422656775 0.412844628
73.343989 -0.430385172 0.011173764 -0.058083873 0.002811071 0.813092113 0.403908104 0.419203460
73.510680 -0.429815561 -0.011310128 -0.057432469 0.010429133 0.819242716 0.386098117 0.423864216
73.677371 -0.434566468 -0.036223028 -0.055105612 0.017385952 0.826823890 0.366748691 0.426093161
73.844061 -0.440841794 -0.055419810 -0.053107832 0.023504216 0.834907174 0.345995516 0.427392930
74.010752 -0.444525242 -0.078568920 -0.049575441 0.030287670 0.841614485 0.327433765 0.428433061
74.177443 -0.448628157 -0.092770606 -0.043586608 0.038617279 0.846308112 0.308965623 0.432217032
74.344134 -0.449844390 -0.107715316 -0.038985305 0.047445778 0.849812329 0.293841302 0.435000271
74.510825 -0.449221939 -0.125848517 -0.030467845 0.053273275 0.852552414 0.280817747 0.437558770
74.677516 -0.449842066 -0.136811286 -0.026122119 0.058896787 0.854810059 0.267384648 0.440835953
74.844207 -0.447990388 -0.146820873 -0.021564553 0.064432770 0.855972946 0.254824191 0.445222765
75.010898 -0.448425591 -0.159340635 -0.017587829 0.070284955 0.856463611 0.242849216 0.450060368
75.177589 -0.451444805 -0.170741871 -0.014853596 0.077798292 0.855965912 0.230160877 0.456394285
75.344279 -0.452406764 -0.178706154 -0.007859436 0.086343519 0.854183376 0.217767611 0.464212030
75.510970 -0.446153760 -0.186143771 -0.000966640 0.093214057 0.850670636 0.208518505 0.473487735
75.677661 -0.435243368 -0.187804148 0.005630290 0.098089449 0.845496237 0.202679902 0.484185308
75.844352 -0.431698143 -0.190628782 0.010226154 0.099483460 0.837441802 0.202200592 0.497904718
76.011043 -0.424546659 -0.189482599 0.016706590 0.098491699 0.827755511 0.203579471 0.513493478
76.177734 -0.415402800 -0.187873691 0.028281692 0.097134061 0.817835748 0.205490544 0.528661728
76.344425 -0.409892678 -0.185599446 0.032431021 0.095436171 0.807359636 0.208090603 0.543838799
76.511116 -0.400671870 -0.182081282 0.042205893 0.092576861 0.796906292 0.214925334 0.556935370
76.677806 -0.393149316 -0.170909390 0.052300151 0.087607920 0.787680268 0.223053619 0.567566574
76.844497 -0.385019779 -0.162709728 0.056803975 0.079758406 0.780176640 0.234016314 0.574629724
77.011188 -0.377997905 -0.151631221 0.064265423 0.071135163 0.774332106 0.244977325 0.579081655
77.177879 -0.372197241 -0.146119684 0.072738670 0.060957585 0.768999219 0.255108148 0.582961619
77.344570 -0.366531700 -0.137703463 0.078525409 0.051032502 0.762141287 0.265559316 0.588230014
77.511261 -0.354883611 -0.124968708 0.088246569 0.040939867 0.754173398 0.276985854 0.593990982
77.677952 -0.346157521 -0.112362854 0.093556553 0.031714004 0.744853497 0.289414585 0.600355446
77.844643 -0.333250552 -0.099829152 0.101821847 0.022611955 0.735944510 0.302990049 0.605038285
78.011334 -0.325817198 -0.087482490 0.105990499 0.013777280 0.727022767 0.313627690 0.610643685
78.178024 -0.315975338 -0.077106141 0.109701745 0.005320122 0.716186583 0.327904314 0.616057813
78.344715 -0.307763934 -0.056135170 0.122785412 -0.004546904 0.705358505 0.338523656 0.622776389
78.511406 -0.304342270 -0.046351235 0.125561640 -0.011311875 0.694878697 0.350202948 0.627991676
78.678097 -0.299616247 -0.032686498 0.132176131 -0.018530216 0.687627733 0.359605789 0.630482674
78.844788 -0.294486254 -0.022066005 0.136223987 -0.027579194 0.681234181 0.369630933 0.631294131
79.011479 -0.290311337 -0.012155686 0.142845333 -0.034580372 0.674813747 0.377389312 0.633252025
79.178170 -0.285780370 -0.002902941 0.146677554 -0.041169088 0.668127835 0.385616958 0.634988129
79.344861 -0.281829029 0.007683753 0.153302580 -0.046990339 0.662293851 0.393000096 0.636167943
79.511552 -0.278362066 0.014762159 0.158263713 -0.054199114 0.655816793 0.399631530 0.638170362
79.678242 -0.276246667 0.022801308 0.165544584 -0.063336544 0.648524404 0.405990481 0.640762210
79.844933 -0.274438500 0.030470183 0.170245424 -0.071882367 0.640959263 0.412541121 0.643283665
80.011624 -0.274788529 0.039706688 0.176028624 -0.078491129 0.634951532 0.418796837 0.644425988
80.178315 -0.274539292 0.046287484 0.180086896 -0.084991127 0.628701448 0.425928205 0.645055115
80.345006 -0.276062101 0.047628623 0.185113400 -0.091328427 0.622504354 0.429437727 0.647866249
80.511697 -0.277986884 0.044728164 0.187481076 -0.096414357 0.617178619 0.429993153 0.651844084
80.678388 -0.279467255 0.032318112 0.184202984 -0.098620586 0.614633024 0.426661044 0.656094909
80.845079 -0.282468617 0.014552212 0.179876074 -0.095784523 0.615845382 0.417711675 0.661117792
81.011769 -0.284983367 -0.002717174 0.178006351 -0.089413106 0.618588865 0.404847383 0.667421758
81.178460 -0.286044985 -0.029590555 0.174947530 -0.081716999 0.622714937 0.385108978 0.676194906
81.345151 -0.289963454 -0.047815755 0.172127068 -0.070237443 0.625901222 0.366599709 0.684776664
81.511842 -0.293638527 -0.067964673 0.166623935 -0.056308378 0.628317893 0.349739641 0.692624152
81.678533 -0.298533827 -0.083298519 0.161419287 -0.043800410 0.631433725 0.335133374 0.697895825
81.845224 -0.303719491 -0.097198799 0.156537890 -0.030753283 0.635210454 0.320382208 0.702080607
82.011915 -0.309394121 -0.114367880 0.150942206 -0.018564489 0.639150679 0.307206511 0.704816222
82.178606 -0.314503580 -0.126343176 0.147110894 -0.006453738 0.643247843 0.294318527 0.706800640
82.345297 -0.319876641 -0.136928275 0.143909842 0.003967699 0.647138655 0.281808913 0.708364010
82.511987 -0.324927807 -0.150377780 0.141029418 0.014610200 0.650641263 0.270240694 0.709522665
82.678678 -0.329580396 -0.161687329 0.140155658 0.026358895 0.652605295 0.258489400 0.711754739
82.845369 -0.332955599 -0.172149360 0.139301002 0.038531631 0.653775454 0.247528911 0.714018524
83.012060 -0.336375624 -0.185217515 0.137066960 0.050913677 0.654446185 0.238527149 0.715690434
83.178751 -0.339404821 -0.192232996 0.136306569 0.063982196 0.655326188 0.228668675 0.717052698
83.345442 -0.339981407 -0.196123257 0.138368949 0.075787462 0.656062901 0.219710186 0.718028665
83.512133 -0.341432780 -0.204609647 0.138944730 0.083033592 0.656433880 0.210775807 0.719564795
83.678824 -0.343104154 -0.208760843 0.139818430 0.090223074 0.654925883 0.202137113 0.722545862
83.845514 -0.344178498 -0.210730791 0.140531495 0.095345289 0.651919425 0.195080251 0.726535678
84.012205 -0.341726542 -0.210745171 0.148418307 0.095170893 0.647839785 0.189323932 0.731712103
84.178896 -0.341721267 -0.208650157 0.152957469 0.094594084 0.641467094 0.184753880 0.738537729
84.345587 -0.342443049 -0.204125449 0.156213045 0.095327139 0.632557392 0.183438420 0.746414304
84.512278 -0.340782791 -0.194856659 0.165920720 0.093562536 0.624415576 0.182641417 0.753653288
84.678969 -0.340186834 -0.182547405 0.172794312 0.084162682 0.616390705 0.185491219 0.760639310
84.845660 -0.334460825 -0.172687650 0.180440322 0.069510825 0.606983006 0.191992819 0.768035591
85.012351 -0.327401012 -0.156210020 0.194625691 0.058294687 0.594769418 0.201952651 0.775929272
85.179042 -0.320908397 -0.145828918 0.203077540 0.044902120 0.581353724 0.211846426 0.784303963
85.345732 -0.313053519 -0.129393294 0.212716639 0.029525409 0.569220126 0.222226217 0.791032434
85.512423 -0.308945715 -0.113016121 0.221697807 0.014926439 0.562505543 0.230102569 0.793988347
85.679114 -0.304278821 -0.097155839 0.226858288 0.001905485 0.557487190 0.239162445 0.794987857
85.845805 -0.299841374 -0.085821144 0.231850743 -0.011083594 0.552537620 0.246168032 0.796229005
86.012496 -0.293169379 -0.075000390 0.238701820 -0.026432034 0.547714829 0.253659189 0.796848059
86.179187 -0.290037245 -0.069404751 0.245689988 -0.039500613 0.543866277 0.258981884 0.797231197
86.345878 -0.287486136 -0.061578933 0.254846215 -0.055131201 0.538591385 0.265382022 0.797779560
86.512569 -0.287335515 -0.051144827 0.264430583 -0.069474794 0.531854331 0.271814197 0.799012661
86.679259 -0.285986096 -0.042066876 0.269336998 -0.083154798 0.524713814 0.279936373 0.799622595
86.845950 -0.285690367 -0.036281124 0.272563219 -0.093524225 0.518574178 0.287502944 0.799797535
87.012641 -0.285565108 -0.027393054 0.277470559 -0.103056960 0.512806654 0.293881178 0.800026536
87.179332 -0.284486890 -0.021751776 0.280558109 -0.111762695 0.508424461 0.299314171 0.799640357
87.346023 -0.281642914 -0.017724110 0.283934593 -0.118492998 0.506228387 0.305436194 0.797747433
87.512714 -0.277326137 -0.009090671 0.288722485 -0.125745609 0.503097892 0.313034415 0.795669496
87.679405 -0.272157103 -0.001412016 0.293388277 -0.134540170 0.498999983 0.321740150 0.793335497
87.846096 -0.267618775 0.006327956 0.298128605 -0.144044340 0.495126337 0.329631984 0.790850103
88.012787 -0.260446608 0.013801256 0.304490387 -0.158146203 0.493161917 0.338339299 0.785689294
88.179477 -0.249068365 0.021706082 0.304409027 -0.168737352 0.493236363 0.350521415 0.778061926
88.346168 -0.236588284 0.020256270 0.309362769 -0.177066028 0.492187440 0.359832376 0.772605836
88.512859 -0.220361263 0.014981978 0.319910079 -0.184546098 0.490030706 0.361692816 0.771356523
88.679550 -0.204595566 0.003599369 0.323253334 -0.185770825 0.491474777 0.361830771 0.770078063
88.846241 -0.196274608 -0.012100944 0.321916401 -0.180136010 0.496774256 0.357695669 0.769948125
89.012932 -0.180249482 -0.025651000 0.323923230 -0.172259137 0.500204742 0.354705185 0.770912588
89.179623 -0.171285242 -0.037046853 0.324627250 -0.163126484 0.500433028 0.346188664 0.776601553
89.346314 -0.163177162 -0.048986409 0.324232012 -0.154260918 0.495051235 0.332204223 0.787888408
89.513005 -0.154660925 -0.065814972 0.321594536 -0.144689247 0.482686520 0.315185308 0.804199576
89.679695 -0.151404172 -0.080888942 0.316036552 -0.134904116 0.467000008 0.293624520 0.823101759
89.846386 -0.149257764 -0.092745021 0.309916735 -0.125084788 0.452702880 0.273243099 0.839495182
90.013077 -0.148195103 -0.107657403 0.303018153 -0.112344936 0.439314127 0.256273091 0.853642702
90.179768 -0.150127947 -0.122075066 0.295676500 -0.093997136 0.424127251 0.235462233 0.869389534
90.346459 -0.153268933 -0.137433201 0.292965144 -0.076519661 0.412072033 0.217139080 0.881584942
90.513150 -0.155965492 -0.148559779 0.289987892 -0.061354913 0.401999533 0.203923956 0.890531838
90.679841 -0.156519368 -0.155249551 0.285940826 -0.047738440 0.393462837 0.192706153 0.897648215
90.846532 -0.156775311 -0.159643248 0.283357054 -0.033766735 0.385937572 0.182892606 0.903583050
91.013222 -0.158151463 -0.171588764 0.280703962 -0.023970969 0.380341202 0.175450683 0.907735109
91.179913 -0.160460234 -0.184025422 0.276834399 -0.012807248 0.374092966 0.168059736 0.911946476
91.346604 -0.166187331 -0.186712503 0.272076696 0.003997688 0.367358029 0.159538880 0.916285694
91.513295 -0.171405315 -0.197159782 0.267513394 0.016290514 0.358837038 0.153004035 0.920630395
91.679986 -0.178854957 -0.200108975 0.263144732 0.031369034 0.351447105 0.142553806 0.924759090
91.846677 -0.183635235 -0.202370405 0.258273184 0.042613622 0.345740885 0.132718474 0.927918673
92.013368 -0.189151257 -0.207165867 0.249373361 0.050834890 0.340749055 0.126130000 0.930267215
92.180059 -0.195154831 -0.206749439 0.245135605 0.058161609 0.336300343 0.118256122 0.932488501
92.346750 -0.198466241 -0.204072267 0.247579217 0.058050707 0.329801381 0.113101758 0.935451329
92.513440 -0.199798688 -0.193714172 0.253541797 0.051288616 0.318436533 0.110178247 0.940121472
92.680131 -0.197018534 -0.184356287 0.263918042 0.033899199 0.304153025 0.110462733 0.945589602
92.846822 -0.196788073 -0.177024513 0.271596819 0.016892886 0.291888535 0.116059497 0.949234366
93.013513 -0.201938078 -0.173498064 0.279170543 0.003405994 0.284641206 0.123692460 0.950614512
93.180204 -0.215028346 -0.162525013 0.285997808 -0.006350824 0.279419661 0.126198500 0.951818407
93.346895 -0.226752371 -0.157589987 0.288810998 -0.016523464 0.274990410 0.128375605 0.952694595
93.513586 -0.241631746 -0.150830239 0.292868882 -0.027272658 0.272342712 0.131057724 0.952842891
93.680277 -0.254564166 -0.139207199 0.296866953 -0.039091159 0.268375903 0.131739706 0.953462601
93.846967 -0.264973879 -0.132900685 0.298452616 -0.052795839 0.261049360 0.133036822 0.954655468
94.013658 -0.279076695 -0.125053301 0.300887704 -0.064408973 0.252695888 0.131262034 0.956434250
94.180349 -0.290046304 -0.117534660 0.304315209 -0.076634333 0.243772671 0.127540246 0.958350420
94.347040 -0.299672097 -0.110303499 0.308703661 -0.088565759 0.235141277 0.123995394 0.959942639
94.513731 -0.311586201 -0.103221111 0.315835446 -0.098991022 0.224721849 0.120412767 0.961874008
94.680422 -0.317298770 -0.095746771 0.324619800 -0.110119618 0.211478740 0.118288048 0.963928580
94.847113 -0.325576484 -0.089764662 0.334716320 -0.122369401 0.199851736 0.115977913 0.965211987
95.013804 -0.336177319 -0.082388833 0.347405076 -0.133299574 0.188988745 0.112823300 0.966325760
95.180495 -0.340407610 -0.077397868 0.357079506 -0.144444183 0.178548232 0.109808959 0.967056572
95.347185 -0.343404979 -0.072847798 0.366925895 -0.155722588 0.170157135 0.107401490 0.967089474
95.513876 -0.347422242 -0.068111204 0.376688302 -0.165807799 0.163125142 0.105574153 0.966825783
95.680567 -0.351475745 -0.063862756 0.383590728 -0.175414264 0.156138182 0.105133928 0.966332018
95.847258 -0.353738040 -0.059459791 0.388227373 -0.182874337 0.149908170 0.104936518 0.965956986
96.013949 -0.360245973 -0.059719589 0.390221149 -0.187095284 0.145396322 0.103995107 0.965940118
96.180640 -0.365949333 -0.063207455 0.388453990 -0.187866211 0.139532223 0.102476336 0.966817260
96.347331 -0.374517381 -0.074321732 0.384974539 -0.186824948 0.136327982 0.099543877 0.967782080
96.514022 -0.379513979 -0.083206028 0.377867401 -0.176630691 0.131725580 0.094058856 0.970877409
96.680713 -0.386108071 -0.095535554 0.372201085 -0.165025577 0.128791317 0.088211127 0.973857403
96.847403 -0.390804648 -0.107732721 0.365437448 -0.151667863 0.126108021 0.083521239 0.976789534
97.014094 -0.396140754 -0.118745908 0.360653222 -0.137626857 0.124411471 0.077373512 0.979588687
97.180785 -0.403033853 -0.126442030 0.357500345 -0.121662661 0.121889643 0.068988711 0.982640147
97.347476 -0.408011109 -0.138645381 0.355843961 -0.109522872 0.118450239 0.063807048 0.984836459
97.514167 -0.410270780 -0.146296903 0.354229689 -0.094854251 0.115708217 0.059189271 0.986970544
97.680858 -0.410453826 -0.154703975 0.353873372 -0.082672708 0.112858787 0.057844646 0.988474607
97.847549 -0.413062960 -0.165474772 0.351806819 -0.068065524 0.110316567 0.054419257 0.990068614
98.014240 -0.414733469 -0.173137411 0.350964248 -0.052652791 0.107734285 0.049573522 0.991545975
98.180930 -0.417799622 -0.188874662 0.347452223 -0.042235292 0.102975801 0.046999436 0.992674768
98.347621 -0.422667027 -0.199270204 0.339939207 -0.025003267 0.097119369 0.040404722 0.994137824
98.514312 -0.421301156 -0.208306834 0.333088636 -0.008155761 0.088653244 0.034565452 0.995429158
98.681003 -0.422505349 -0.213525534 0.328542560 0.006181645 0.079243839 0.027302261 0.996462107
98.847694 -0.419078767 -0.222245112 0.326214552 0.017033678 0.065795630 0.019530002 0.997496545
99.014385 -0.420363277 -0.229866087 0.319930196 0.029623583 0.052752748 0.010636205 0.998111427
99.181076 -0.422030866 -0.234130561 0.320255369 0.040793680 0.037822276 0.001738160 0.998449922
99.347767 -0.419765025 -0.239945650 0.319556534 0.050109167 0.022934159 -0.005073149 0.998467505
99.514458 -0.416910708 -0.242683291 0.321420103 0.058951810 0.010524959 -0.011653988 0.998137295
99.681148 -0.416122466 -0.244243279 0.327889264 0.059045959 -0.000056241 -0.016796665 0.998113930
99.847839 -0.415671855 -0.243102908 0.339253753 0.052289214 -0.013631628 -0.021656755 0.998304069
100.014530 -0.414384782 -0.239770472 0.353422284 0.041978359 -0.028258571 -0.025837472 0.998384535
100.181221 -0.417058915 -0.236740977 0.364023149 0.031217776 -0.041735977 -0.031304896 0.998150051
100.347912 -0.422543228 -0.232388571 0.372078866 0.021217104 -0.053140894 -0.036226913 0.997704089
100.514603 -0.426021188 -0.228133529 0.381401509 0.009409732 -0.063974023 -0.040652264 0.997078836
100.681294 -0.427148342 -0.221787050 0.393087506 -0.003687059 -0.073698521 -0.044260941 0.996291041
100.847985 -0.432769984 -0.214648321 0.402622342 -0.019282188 -0.081507117 -0.048830908 0.995289087
101.014675 -0.438411325 -0.207901731 0.411083102 -0.034115314 -0.090615787 -0.054239135 0.993822455
101.181366 -0.441292346 -0.201976955 0.420633048 -0.048255958 -0.099671707 -0.058494162 0.992126644
101.348057 -0.444335431 -0.194589406 0.429329216 -0.060987148 -0.106140152 -0.062109768 0.990533769
101.514748 -0.448447883 -0.186673239 0.437636077 -0.073743321 -0.111476742 -0.066993304 0.988760233
101.681439 -0.452017665 -0.179199934 0.446190655 -0.087754227 -0.117396876 -0.072528429 0.986537814
101.848130 -0.455034524 -0.171403587 0.454468042 -0.101574883 -0.123937331 -0.076503694 0.984108388
102.014821 -0.456351191 -0.161448494 0.463628829 -0.116264455 -0.130703405 -0.079234786 0.981387317
102.181512 -0.460423082 -0.151518330 0.470297486 -0.131944820 -0.135449246 -0.083141312 0.978433251
102.348203 -0.464289308 -0.143978104 0.477037668 -0.146716550 -0.141183913 -0.087646596 0.975120246
102.514893 -0.469821513 -0.137524813 0.481094092 -0.159196183 -0.147738159 -0.093180381 0.971672475
102.681584 -0.472606033 -0.130716592 0.487521648 -0.170760646 -0.155338705 -0.096815072 0.968161941
102.848275 -0.477025151 -0.121764280 0.493576527 -0.183681682 -0.162247807 -0.100230910 0.964308262
103.014966 -0.480908543 -0.115617126 0.496196806 -0.194375679 -0.169977322 -0.104504041 0.960419059
103.181657 -0.484620839 -0.114773288 0.495637566 -0.200301766 -0.176468566 -0.110127196 0.957397521
103.348348 -0.490187585 -0.115483850 0.492520928 -0.201998398 -0.183253363 -0.116105326 0.955057263
103.515039 -0.497444779 -0.117609590 0.485335946 -0.199185044 -0.192045033 -0.123240344 0.953024566
103.681730 -0.504957139 -0.123113319 0.477904856 -0.193292975 -0.203073636 -0.130441010 0.950991094
103.848421 -0.512052357 -0.128258824 0.470690459 -0.185153008 -0.213523015 -0.138175473 0.949227989
104.015111 -0.519212842 -0.134094611 0.462691575 -0.175302446 -0.221783578 -0.145136505 0.948164761
104.181802 -0.526274621 -0.139955997 0.456318617 -0.165351912 -0.228848636 -0.150090277 0.947501957
104.348493 -0.533229589 -0.147036389 0.448257565 -0.154576123 -0.235463202 -0.153941318 0.947082579
104.515184 -0.538714945 -0.155345812 0.441111952 -0.142967209 -0.241858751 -0.155818716 0.946987450
104.681875 -0.543005049 -0.161803409 0.435561478 -0.131457686 -0.247662380 -0.156096563 0.947109342
104.848566 -0.546241999 -0.169508129 0.429856867 -0.120037906 -0.254174143 -0.156048492 0.946908295
105.015257 -0.549546599 -0.178595796 0.424896896 -0.107808955 -0.262072504 -0.156505451 0.946150780
105.181948 -0.553312063 -0.191683784 0.418281585 -0.093970813 -0.269912153 -0.156272814 0.945460618
105.348638 -0.554147422 -0.201053992 0.412540555 -0.078328982 -0.277631462 -0.155077264 0.944847286
105.515329 -0.550459564 -0.208766207 0.405998766 -0.061943568 -0.286266059 -0.152116328 0.943967879
105.682020 -0.549190104 -0.220349953 0.398725778 -0.044813894 -0.295098066 -0.146785334 0.943060398
105.848711 -0.547313273 -0.228823885 0.392214924 -0.029144742 -0.303893715 -0.143409804 0.941399395
106.015402 -0.546921134 -0.232808143 0.386289835 -0.015029522 -0.308707952 -0.141149029 0.940505385
106.182093 -0.542987347 -0.236637026 0.377944261 -0.000575838 -0.315172523 -0.138045609 0.938940585
106.348784 -0.544031262 -0.239811212 0.368208289 0.013543824 -0.318394542 -0.137533337 0.937830508
106.515475 -0.547668099 -0.239762545 0.357499331 0.024435714 -0.321363032 -0.141547292 0.935998440
106.682166 -0.547132254 -0.237963572 0.349850744 0.033933867 -0.326667547 -0.144172907 0.933461845
106.848856 -0.548803449 -0.243336156 0.339845657 0.042615306 -0.331019729 -0.146512359 0.931205690
107.015547 -0.548972011 -0.241890416 0.335919291 0.049737357 -0.337718785 -0.145957813 0.928530276
107.182238 -0.554767132 -0.243752420 0.329576403 0.054865774 -0.343946457 -0.145285487 0.926057637
107.348929 -0.561475337 -0.242073536 0.327471852 0.059175685 -0.349864185 -0.147086129 0.923287034
107.515620 -0.569793582 -0.238730729 0.329067111 0.056732994 -0.355544984 -0.151304051 0.920584679
107.682311 -0.578945398 -0.232511222 0.327652872 0.052232035 -0.360116810 -0.155555412 0.918362796
107.849002 -0.587403834 -0.228345022 0.325464904 0.045508333 -0.366468668 -0.162674949 0.914968073
108.015693 -0.595841885 -0.223131493 0.326650530 0.037657052 -0.374030828 -0.172006369 0.910547495
108.182383 -0.604837239 -0.215619773 0.329304397 0.026729297 -0.379429817 -0.183841586 0.906377852
108.349074 -0.610446692 -0.208329007 0.332949549 0.015756767 -0.384362519 -0.193671554 0.902501225
108.515765 -0.616849780 -0.201232240 0.334421694 0.004306040 -0.387652546 -0.200809255 0.899656951
108.682456 -0.622263014 -0.193383977 0.338541955 -0.007714486 -0.389974982 -0.206970289 0.897230923
108.849147 -0.626277864 -0.188773558 0.343711436 -0.020172860 -0.390945226 -0.212453604 0.895331442
109.015838 -0.630356491 -0.181935176 0.348448724 -0.031243976 -0.390880495 -0.217684135 0.893783987
109.182529 -0.637900233 -0.173311546 0.350964248 -0.042466883 -0.391903579 -0.222978681 0.891565263
109.349220 -0.648584962 -0.167232066 0.355946571 -0.056279235 -0.393155724 -0.232389018 0.887838125
109.515911 -0.653847039 -0.157817706 0.360901743 -0.069777772 -0.395393580 -0.240460336 0.883727193
109.682601 -0.658142090 -0.152781412 0.362112612 -0.080013297 -0.398558617 -0.246389687 0.879796028
109.849292 -0.665446997 -0.148284256 0.361652911 -0.086824596 -0.402460188 -0.254021436 0.875191629
110.015983 -0.672153831 -0.142664492 0.360724181 -0.092186511 -0.406764060 -0.260432452 0.870758057
110.182674 -0.681844652 -0.134409085 0.361577183 -0.098930411 -0.411358029 -0.268237561 0.865474403
110.349365 -0.690039635 -0.128973976 0.361073434 -0.106296062 -0.416884989 -0.274730802 0.859901786
110.516056 -0.697164953 -0.121724613 0.361382455 -0.111948140 -0.422572821 -0.279313475 0.854917467
110.682747 -0.704992950 -0.115479939 0.357719600 -0.118329205 -0.426932245 -0.284599215 0.850135505
110.849438 -0.711344838 -0.110220037 0.349989682 -0.122494526 -0.432922244 -0.291329712 0.844215870
111.016129 -0.714575469 -0.106893316 0.342912674 -0.124436297 -0.442688435 -0.296374619 0.837081015
111.182819 -0.714780748 -0.103478946 0.335979044 -0.123820454 -0.455057502 -0.299968690 0.829222500
111.349510 -0.714115977 -0.105222434 0.330006987 -0.121866792 -0.466747165 -0.300753504 0.822704613
111.516201 -0.716908097 -0.110455975 0.320749134 -0.117406756 -0.476924896 -0.300478995 0.817600548
111.682892 -0.719052494 -0.115885906 0.310678780 -0.109888628 -0.487012178 -0.297790706 0.813673377
111.849583 -0.722846925 -0.123924024 0.297097892 -0.097027980 -0.498760402 -0.293841094 0.809617817
112.016274 -0.728234649 -0.130635217 0.288617581 -0.080933809 -0.509799242 -0.290765673 0.805611432
112.182965 -0.730916798 -0.139343262 0.282562345 -0.067789979 -0.519786656 -0.284580320 0.802645862
112.349656 -0.733875096 -0.143240258 0.278246552 -0.054702405 -0.527834117 -0.277459472 0.800883889
112.516346 -0.737435818 -0.149198487 0.272295624 -0.044020787 -0.534459352 -0.271987110 0.799023390
112.683037 -0.737082243 -0.157084167 0.265646815 -0.032846928 -0.539875269 -0.266496569 0.797768950
112.849728 -0.735493302 -0.163261548 0.258987844 -0.018884853 -0.545632422 -0.259871960 0.796489298
113.016419 -0.733724535 -0.169105470 0.257305413 -0.005958265 -0.550252378 -0.252558410 0.795864999
113.183110 -0.729412735 -0.174459368 0.252752870 0.006183321 -0.553067386 -0.244628519 0.796388805
113.349801 -0.729163468 -0.181871653 0.248919472 0.016197696 -0.556922972 -0.236721426 0.795950651
113.516492 -0.731078804 -0.188032389 0.240135148 0.026323738 -0.558653831 -0.230949774 0.796162784
113.683183 -0.730140984 -0.192630246 0.234987885 0.036742426 -0.561103702 -0.222780839 0.796355009
113.849874 -0.729585528 -0.197345003 0.229771927 0.049140651 -0.563904643 -0.214480594 0.795986712
114.016564 -0.728736758 -0.200008273 0.223513082 0.059765976 -0.565616310 -0.206614673 0.796126008
114.183255 -0.729107976 -0.201498747 0.216336727 0.068500064 -0.568592966 -0.200472280 0.794871449
114.349946 -0.730964184 -0.200055420 0.211621732 0.076026917 -0.572224140 -0.198342949 0.792110801
114.516637 -0.732356668 -0.202102482 0.212004706 0.080308333 -0.576148033 -0.197297722 0.789099216
114.683328 -0.735668898 -0.205332711 0.215399310 0.084749736 -0.581685960 -0.196378291 0.784789503
114.850019 -0.742267311 -0.210464850 0.216631383 0.089408457 -0.587405443 -0.197071478 0.779822946
115.016710 -0.751070738 -0.210940659 0.219729617 0.093476497 -0.596196949 -0.198447376 0.772288799
115.183401 -0.763651311 -0.212720782 0.226406306 0.092709914 -0.605579376 -0.201140642 0.764343441
115.350091 -0.775028825 -0.212243393 0.235134706 0.089122497 -0.615373313 -0.205609336 0.755710006
115.516782 -0.785889566 -0.210900024 0.239400223 0.085032567 -0.624467313 -0.213575333 0.746455371
115.683473 -0.799060345 -0.208078369 0.247770488 0.077632740 -0.630796611 -0.225498900 0.738389552
115.850164 -0.811130702 -0.198415056 0.260926217 0.064801797 -0.634419620 -0.240801394 0.731660545
116.016855 -0.821878493 -0.188084021 0.271772921 0.048013363 -0.635217249 -0.253643423 0.727914035
116.183546 -0.835466146 -0.180337623 0.278829247 0.032485288 -0.635880291 -0.267655641 0.723160684
116.350237 -0.850146055 -0.172953054 0.286293000 0.019957935 -0.638088882 -0.282983959 0.715796351
116.516928 -0.862729669 -0.168307453 0.294427007 0.008842830 -0.640723944 -0.296757728 0.708046257
116.683619 -0.873968303 -0.162043661 0.306305051 -0.003117920 -0.642367899 -0.307528108 0.701983094
116.850309 -0.883507311 -0.156526700 0.314503431 -0.014548241 -0.642949700 -0.317249835 0.696962416
117.017000 -0.892298162 -0.151777446 0.319530666 -0.023323650 -0.643512309 -0.327026814 0.691665649
117.183691 -0.897279441 -0.150433525 0.324434012 -0.031964939 -0.646908760 -0.334174991 0.684700251
117.350382 -0.901349247 -0.145933792 0.325337380 -0.037346538 -0.651781857 -0.341067433 0.676356971
117.517073 -0.905185401 -0.139238387 0.324178576 -0.041816544 -0.656621814 -0.351299107 0.666099191
117.683764 -0.907811165 -0.132827371 0.323394865 -0.046487980 -0.662735999 -0.362210870 0.653776109
117.850455 -0.909278095 -0.125303164 0.324259937 -0.051651940 -0.668491900 -0.372572571 0.641592026
118.017146 -0.908940732 -0.116250783 0.322936445 -0.056290682 -0.671992898 -0.383188426 0.631208062
118.183837 -0.907289147 -0.105176412 0.318251848 -0.061394580 -0.673858404 -0.394064605 0.621979594
118.350527 -0.903636694 -0.096883632 0.316727936 -0.066193946 -0.676345706 -0.403044254 0.612968445
118.517218 -0.900951207 -0.083790988 0.315677762 -0.072663456 -0.678224087 -0.412972480 0.603478134
118.683909 -0.894902527 -0.077959172 0.309255302 -0.077426955 -0.679719329 -0.424966782 0.592781603
118.850600 -0.885223329 -0.074270725 0.300915062 -0.075474113 -0.681899667 -0.434898078 0.583249688
119.017291 -0.875200987 -0.070874527 0.292623669 -0.072653867 -0.685202837 -0.440360159 0.575587988
119.183982 -0.866748154 -0.067974731 0.278460503 -0.070378914 -0.689789891 -0.444200337 0.567382455
119.350673 -0.858665049 -0.064533234 0.265033990 -0.069361299 -0.694503188 -0.447116226 0.559411705
119.517364 -0.849574149 -0.063124672 0.249023899 -0.068653516 -0.700458527 -0.447053641 0.552075684
119.684054 -0.841578066 -0.059158102 0.231615812 -0.066218123 -0.705730081 -0.446396887 0.546159446
119.850745 -0.834909678 -0.062486317 0.216425747 -0.064688526 -0.711059451 -0.445352733 0.540250719
120.017436 -0.827917993 -0.068220824 0.200907290 -0.059170954 -0.718038797 -0.441031128 0.535173476
120.184127 -0.822556019 -0.072952949 0.188461080 -0.053012870 -0.726318836 -0.435986727 0.528740227
120.350818 -0.817295194 -0.077829517 0.175350234 -0.045745891 -0.734998703 -0.430742323 0.521675467
120.517509 -0.812465429 -0.084319472 0.164087623 -0.038679626 -0.744534135 -0.424296230 0.513950944
120.684200 -0.805626214 -0.092846327 0.154581532 -0.031258807 -0.755702674 -0.415952504 0.504895985
120.850891 -0.797015309 -0.103795640 0.142527699 0.023292394 0.767282963 0.406278402 -0.495653331
121.017582 -0.789107263 -0.111532696 0.133386865 0.013555104 0.779381394 0.395385921 -0.485850692
121.184272 -0.782263935 -0.117439024 0.127435014 0.005024590 0.790067792 0.384918064 -0.477080375
121.350963 -0.776377618 -0.122001655 0.122566603 -0.001828629 0.798270166 0.376494825 -0.470120221
121.517654 -0.770324647 -0.129202306 0.117516711 -0.006265093 0.805545032 0.367632478 -0.464655071
121.684345 -0.762979627 -0.133224964 0.111208424 -0.011012097 0.813017488 0.358862549 -0.458365470
121.851036 -0.756505966 -0.131125063 0.105155781 -0.015650347 0.819812775 0.351395071 -0.451866746
122.017727 -0.747462511 -0.128606409 0.093419813 -0.019180726 0.826315403 0.348202765 -0.442255348
122.184418 -0.739964783 -0.125845268 0.085874945 -0.021930512 0.834140778 0.343500018 -0.430970907
122.351109 -0.732915103 -0.121705666 0.072672948 -0.022929393 0.840406299 0.341197878 -0.420446783
122.517799 -0.724094748 -0.115594476 0.063795701 -0.024308078 0.848242700 0.339208663 -0.405993760
122.684490 -0.719872057 -0.111146972 0.054368619 -0.024772398 0.854926527 0.342024654 -0.389237821
122.851181 -0.715098262 -0.102703862 0.047342978 -0.024367174 0.860840321 0.344871223 -0.373395264
123.017872 -0.712554455 -0.100281738 0.043655857 -0.021376828 0.866177678 0.349452406 -0.356598228
123.184563 -0.711887956 -0.095795803 0.042390320 -0.018205076 0.871246099 0.353325695 -0.340234816
123.351254 -0.707735598 -0.089568801 0.038302347 -0.015648080 0.874515235 0.359008938 -0.325715691
123.517945 -0.702986538 -0.079622902 0.033487529 -0.013339065 0.875041544 0.369994283 -0.311814874
123.684636 -0.699109972 -0.071931764 0.028872805 -0.010351879 0.874627233 0.382702410 -0.297420412
123.851327 -0.696931541 -0.063297980 0.025968350 -0.008904831 0.874633133 0.393901587 -0.282451987
124.018017 -0.695094228 -0.052506790 0.022626188 -0.007994371 0.874495685 0.404442132 -0.267618984
124.184708 -0.691761255 -0.042243578 0.017482730 -0.006706779 0.873072565 0.416663498 -0.253161728
124.351399 -0.689303517 -0.028619289 0.010448619 -0.002511936 0.871023953 0.429088682 -0.239152372
124.518090 -0.683633327 -0.020142838 0.002803466 0.001805239 0.869359553 0.440826923 -0.223343417
124.684781 -0.679606676 -0.007306101 -0.000873406 0.006688716 0.867842317 0.451835901 -0.206516862
124.851472 -0.674984813 0.001532548 -0.003672608 0.008431968 0.865942836 0.462951630 -0.189070612
125.018163 -0.669708192 0.008744392 -0.004613588 0.009777985 0.863924682 0.472024024 -0.175304919
125.184854 -0.664000213 0.017561797 -0.004815205 0.011454242 0.861077726 0.481415600 -0.163257420
125.351545 -0.657560706 0.028672088 -0.004559325 0.014606307 0.857190371 0.492231935 -0.150728390
125.518235 -0.650686145 0.038828623 -0.007091662 0.017650306 0.853113115 0.503175080 -0.136752814
125.684926 -0.646359742 0.050863989 -0.010540705 0.019673932 0.849580944 0.512914658 -0.121423759
125.851617 -0.641482532 0.058167975 -0.014201538 0.021029623 0.846626699 0.520554602 -0.108645961
126.018308 -0.635782957 0.061094016 -0.017888028 0.022541478 0.843826234 0.526986599 -0.098662570
126.184999 -0.630393863 0.069120802 -0.020410949 0.022678081 0.842103422 0.531474829 -0.088780902
126.351690 -0.623433173 0.073827758 -0.024488218 0.022364935 0.840539455 0.535577297 -0.078422964
126.518381 -0.617640078 0.078348815 -0.027620014 0.020913564 0.839888692 0.538218796 -0.066858716
126.685072 -0.607044399 0.080110110 -0.032983966 0.020560542 0.838882565 0.541143477 -0.054927103
126.851762 -0.598359764 0.079942256 -0.037749629 0.022008451 0.840018153 0.540650427 -0.039776877
127.018453 -0.590292275 0.080467962 -0.040461753 0.022322528 0.842359066 0.537874281 -0.024983196
127.185144 -0.578143716 0.077520937 -0.046644878 0.021463312 0.845426738 0.533529818 -0.011783531
127.351835 -0.566217661 0.070145495 -0.047809388 0.019124640 0.850375712 0.525823951 0.002153613
127.518526 -0.561926186 0.062329531 -0.050741479 0.017416753 0.856531143 0.515439689 0.019314051
127.685217 -0.553452373 0.049111705 -0.054883193 0.014582060 0.862444282 0.504765511 0.034481678
127.851908 -0.547217965 0.041570056 -0.058031198 0.013395683 0.869642377 0.491212040 0.047470514
128.018599 -0.542664170 0.033742141 -0.059080161 0.013052328 0.875968993 0.478374749 0.060543571
128.185290 -0.538228273 0.021505242 -0.057407774 0.013861558 0.882605255 0.464461386 0.071354359
128.351980 -0.535334826 0.014940063 -0.055177622 0.015588635 0.888188124 0.451910019 0.081585452
128.518671 -0.533125758 0.006829772 -0.052056570 0.016733145 0.892534137 0.440943301 0.093122683
128.685362 -0.529162169 0.000171928 -0.051473320 0.015043554 0.895943880 0.432038158 0.101986341
128.852053 -0.530728459 -0.003790427 -0.047261942 0.016038252 0.898514807 0.424642712 0.109965883
129.018744 -0.526840389 -0.007089259 -0.049381968 0.015113734 0.899795949 0.420203358 0.116481557
