0.000000
0.166691
0.333382
0.500073
0.666764
0.833454
1.000145
1.166836
1.333527
1.500218
1.666909
1.833600
2.000291
2.166981
2.333672
2.500363
2.667054
2.833745
3.000436
3.167127
3.333818
3.500509
3.667199
3.833890
4.000581
4.167272
4.333963
4.500654
4.667345
4.834036
5.000727
5.167417
5.334108
5.500799
5.667490
5.834181
6.000872
6.167563
6.334254
6.500944
6.667635
6.834326
7.001017
7.167708
7.334399
7.501090
7.667781
7.834472
8.001162
8.167853
8.334544
8.501235
8.667926
8.834617
9.001308
9.167999
9.334689
9.501380
9.668071
9.834762
10.001453
10.168144
10.334835
10.501526
10.668217
10.834907
11.001598
11.168289
11.334980
11.501671
11.668362
11.835053
12.001744
12.168435
12.335125
12.501816
12.668507
12.835198
13.001889
13.168580
13.335271
13.501962
13.668652
13.835343
14.002034
14.168725
14.335416
14.502107
14.668798
14.835489
15.002180
15.168870
15.335561
15.502252
15.668943
15.835634
16.002325
16.169016
16.335707
16.502397
16.669088
16.835779
17.002470
17.169161
17.335852
17.502543
17.669234
17.835925
18.002615
18.169306
18.335997
18.502688
18.669379
18.836070
19.002761
19.169452
19.336143
19.502833
19.669524
19.836215
20.002906
20.169597
20.336288
20.502979
20.669670
20.836360
21.003051
21.169742
21.336433
21.503124
21.669815
21.836506
22.003197
22.169888
22.336578
22.503269
22.669960
22.836651
23.003342
23.170033
23.336724
23.503415
23.670105
23.836796
24.003487
24.170178
24.336869
24.503560
24.670251
24.836942
25.003633
25.170323
25.337014
25.503705
25.670396
25.837087
26.003778
26.170469
26.337160
26.503851
26.670541
26.837232
27.003923
27.170614
27.337305
27.503996
27.670687
27.837378
28.004068
28.170759
28.337450
28.504141
28.670832
28.837523
29.004214
29.170905
29.337596
29.504286
29.670977
29.837668
30.004359
30.171050
30.337741
30.504432
30.671123
30.837813
31.004504
31.171195
31.337886
31.504577
31.671268
31.837959
32.004650
32.171341
32.338031
32.504722
32.671413
32.838104
33.004795
33.171486
33.338177
33.504868
33.671558
33.838249
34.004940
34.171631
34.338322
34.505013
34.671704
34.838395
35.005086
35.171776
35.338467
35.505158
35.671849
35.838540
36.005231
36.171922
36.338613
36.505304
36.671994
36.838685
37.005376
37.172067
37.338758
37.505449
37.672140
37.838831
38.005521
38.172212
38.338903
38.505594
38.672285
38.838976
39.005667
39.172358
39.339049
39.505739
39.672430
39.839121
40.005812
40.172503
40.339194
40.505885
40.672576
40.839266
41.005957
41.172648
41.339339
41.506030
41.672721
41.839412
42.006103
42.172794
42.339484
42.506175
42.672866
42.839557
43.006248
43.172939
43.339630
43.506321
43.673012
43.839702
44.006393
44.173084
44.339775
44.506466
44.673157
44.839848
45.006539
45.173229
45.339920
45.506611
45.673302
45.839993
46.006684
46.173375
46.340066
46.506757
46.673447
46.840138
47.006829
47.173520
47.340211
47.506902
47.673593
47.840284
48.006974
48.173665
48.340356
48.507047
48.673738
48.840429
49.007120
49.173811
49.340502
49.507192
49.673883
49.840574
50.007265
50.173956
50.340647
50.507338
50.674029
50.840720
51.007410
51.174101
51.340792
51.507483
51.674174
51.840865
52.007556
52.174247
52.340937
52.507628
52.674319
52.841010
53.007701
53.174392
53.341083
53.507774
53.674465
53.841155
54.007846
54.174537
54.341228
54.507919
54.674610
54.841301
55.007992
55.174682
55.341373
55.508064
55.674755
55.841446
56.008137
56.174828
56.341519
56.508210
56.674900
56.841591
57.008282
57.174973
57.341664
57.508355
57.675046
57.841737
58.008428
58.175118
58.341809
58.508500
58.675191
58.841882
59.008573
59.175264
59.341955
59.508645
59.675336
59.842027
60.008718
60.175409
60.342100
60.508791
60.675482
60.842173
61.008863
61.175554
61.342245
61.508936
61.675627
61.842318
62.009009
62.175700
62.342390
62.509081
62.675772
62.842463
63.009154
63.175845
63.342536
63.509227
63.675918
63.842608
64.009299
64.175990
64.342681
64.509372
64.676063
64.842754
65.009445
65.176136
65.342826
65.509517
65.676208
65.842899
66.009590
66.176281
66.342972
66.509663
66.676353
66.843044
67.009735
67.176426
67.343117
67.509808
67.676499
67.843190
68.009881
68.176571
68.343262
68.509953
68.676644
68.843335
69.010026
69.176717
69.343408
69.510098
69.676789
69.843480
70.010171
70.176862
70.343553
70.510244
70.676935
70.843626
71.010316
71.177007
71.343698
71.510389
71.677080
71.843771
72.010462
72.177153
72.343844
72.510534
72.677225
72.843916
73.010607
73.177298
73.343989
73.510680
73.677371
73.844061
74.010752
74.177443
74.344134
74.510825
74.677516
74.844207
75.010898
75.177589
75.344279
75.510970
75.677661
75.844352
76.011043
76.177734
76.344425
76.511116
76.677806
76.844497
77.011188
77.177879
77.344570
77.511261
77.677952
77.844643
78.011334
78.178024
78.344715
78.511406
78.678097
78.844788
79.011479
79.178170
79.344861
79.511552
79.678242
79.844933
80.011624
80.178315
80.345006
80.511697
80.678388
80.845079
81.011769
81.178460
81.345151
81.511842
81.678533
81.845224
82.011915
82.178606
82.345297
82.511987
82.678678
82.845369
83.012060
83.178751
83.345442
83.512133
83.678824
83.845514
84.012205
84.178896
84.345587
84.512278
84.678969
84.845660
85.012351
85.179042
85.345732
85.512423
85.679114
85.845805
86.012496
86.179187
86.345878
86.512569
86.679259
86.845950
87.012641
87.179332
87.346023
87.512714
87.679405
87.846096
88.012787
88.179477
88.346168
88.512859
88.679550
88.846241
89.012932
89.179623
89.346314
89.513005
89.679695
89.846386
90.013077
90.179768
90.346459
90.513150
90.679841
90.846532
91.013222
91.179913
91.346604
91.513295
91.679986
91.846677
92.013368
92.180059
92.346750
92.513440
92.680131
92.846822
93.013513
93.180204
93.346895
93.513586
93.680277
93.846967
94.013658
94.180349
94.347040
94.513731
94.680422
94.847113
95.013804
95.180495
95.347185
95.513876
95.680567
95.847258
96.013949
96.180640
96.347331
96.514022
96.680713
96.847403
97.014094
97.180785
97.347476
97.514167
97.680858
97.847549
98.014240
98.180930
98.347621
98.514312
98.681003
98.847694
99.014385
99.181076
99.347767
99.514458
99.681148
99.847839
100.014530
100.181221
100.347912
100.514603
100.681294
100.847985
101.014675
101.181366
101.348057
101.514748
101.681439
101.848130
102.014821
102.181512
102.348203
102.514893
102.681584
102.848275
103.014966
103.181657
103.348348
103.515039
103.681730
103.848421
104.015111
104.181802
104.348493
104.515184
104.681875
104.848566
105.015257
105.181948
105.348638
105.515329
105.682020
105.848711
106.015402
106.182093
106.348784
106.515475
106.682166
106.848856
107.015547
107.182238
107.348929
107.515620
107.682311
107.849002
108.015693
108.182383
108.349074
108.515765
108.682456
108.849147
109.015838
109.182529
109.349220
109.515911
109.682601
109.849292
110.015983
110.182674
110.349365
110.516056
110.682747
110.849438
111.016129
111.182819
111.349510
111.516201
111.682892
111.849583
112.016274
112.182965
112.349656
112.516346
112.683037
112.849728
113.016419
113.183110
113.349801
113.516492
113.683183
113.849874
114.016564
114.183255
114.349946
114.516637
114.683328
114.850019
115.016710
115.183401
115.350091
115.516782
115.683473
115.850164
116.016855
116.183546
116.350237
116.516928
116.683619
116.850309
117.017000
117.183691
117.350382
117.517073
117.683764
117.850455
118.017146
118.183837
118.350527
118.517218
118.683909
118.850600
119.017291
119.183982
119.350673
119.517364
119.684054
119.850745
120.017436
120.184127
120.350818
120.517509
120.684200
120.850891
121.017582
121.184272
121.350963
121.517654
121.684345
121.851036
122.017727
122.184418
122.351109
122.517799
122.684490
122.851181
123.017872
123.184563
123.351254
123.517945
123.684636
123.851327
124.018017
124.184708
124.351399
124.518090
124.684781
124.851472
125.018163
125.184854
125.351545
125.518235
125.684926
125.851617
126.018308
126.184999
126.351690
126.518381
126.685072
126.851762
127.018453
127.185144
127.351835
127.518526
127.685217
127.851908
128.018599
128.185290
128.351980
128.518671
128.685362
128.852053
129.018744
