1311875580.337936 -0.009781710 0.000031156 -0.000344602 -0.011493688 -0.030264311 -0.015157369 0.999360919
1311875580.373951 -0.010371292 0.001496350 -0.001287763 -0.011281265 -0.032875706 -0.014781392 0.999286473
1311875580.405844 -0.009992599 0.000818021 -0.000766665 -0.014488489 -0.036249623 -0.012553872 0.999158859
1311875580.438020 -0.020964855 0.003387426 -0.001884032 -0.014553768 -0.036312558 -0.009377236 0.999190509
1311875580.473924 -0.024420710 0.000967551 -0.002472984 -0.016359182 -0.036960442 -0.011183682 0.999120235
1311875580.505955 -0.024329752 0.004460287 -0.004088576 -0.015945401 -0.039695956 -0.011154700 0.999022305
1311875580.538225 -0.025036359 0.005260599 -0.005787808 -0.016853632 -0.041067958 -0.010589947 0.998958051
1311875580.574161 -0.022348132 0.001994195 -0.008580772 -0.019873589 -0.044531826 -0.010261952 0.998757541
1311875580.605935 -0.023813898 0.005798432 -0.004347662 -0.022352472 -0.047333445 -0.007955121 0.998597324
1311875580.637937 -0.026617404 0.006456348 -0.005648692 -0.025558947 -0.050147608 -0.008545790 0.998378158
1311875580.673937 -0.028470207 0.007423112 -0.007937690 -0.028582087 -0.055194937 -0.008085587 0.998033643
1311875580.705985 -0.032588497 0.006302327 -0.014135915 -0.032329906 -0.058941547 -0.009868861 0.997688949
1311875580.737976 -0.032627985 0.004884410 -0.013150586 -0.034152001 -0.061652903 -0.011496708 0.997446954
1311875580.773949 -0.033042651 0.004183243 -0.006479673 -0.033497807 -0.065047987 -0.012289601 0.997244000
1311875580.805973 -0.021887382 0.002810482 -0.007102582 -0.033806842 -0.069158792 -0.015379508 0.996914029
1311875580.837992 -0.023090888 0.003343987 -0.007467741 -0.034279495 -0.072404653 -0.015997157 0.996657729
1311875580.873916 -0.022530541 0.003787082 -0.009033334 -0.035011899 -0.078114346 -0.015444647 0.996209741
1311875580.905977 -0.021889450 0.005976452 -0.011696645 -0.036537990 -0.083409339 -0.015818948 0.995719671
1311875580.937824 -0.019837253 0.003836120 -0.012707820 -0.041869890 -0.088554867 -0.016395830 0.995055854
1311875580.973791 -0.021915035 0.004306042 -0.012793293 -0.042736359 -0.093458615 -0.016886659 0.994562209
1311875581.005872 -0.027113393 0.004740597 -0.011461912 -0.043878999 -0.095980860 -0.018316399 0.994246900
1311875581.038070 -0.029269950 0.004643265 -0.011932556 -0.046049993 -0.100581288 -0.020080054 0.993659735
1311875581.073918 -0.028043475 0.004518034 -0.013915060 -0.048017275 -0.106381968 -0.019246895 0.992978752
1311875581.105884 -0.031298727 0.004282664 -0.011586068 -0.048084900 -0.111062579 -0.018341724 0.992479980
1311875581.137937 -0.030358028 0.005448662 -0.012929210 -0.048761107 -0.117242821 -0.016135246 0.991774201
1311875581.173897 -0.030835347 0.004845260 -0.013746999 -0.052014481 -0.122091219 -0.015399097 0.991035342
1311875581.205892 -0.032308236 0.002740540 -0.015820086 -0.053938393 -0.126584619 -0.015325910 0.990369678
1311875581.237884 -0.033434778 0.005252098 -0.015623720 -0.052852139 -0.129974514 -0.017651288 0.989950359
1311875581.273913 -0.033541471 0.004831800 -0.016270719 -0.054149225 -0.132501885 -0.018195596 0.989535272
1311875581.305918 -0.034395818 0.004073604 -0.015238111 -0.054293830 -0.133866280 -0.020782541 0.989292741
1311875581.337869 -0.035170786 0.004830888 -0.014262388 -0.052277200 -0.136468336 -0.022494584 0.989008367
1311875581.373895 -0.034612954 0.005698535 -0.018405113 -0.052492369 -0.139047682 -0.024175517 0.988597929
1311875581.406130 -0.035894185 0.005787193 -0.019034818 -0.053926356 -0.142936915 -0.023533802 0.987981319
1311875581.438046 -0.036777955 0.006351579 -0.018726263 -0.053320356 -0.147124052 -0.024638548 0.987372458
1311875581.473940 -0.037003282 0.006534692 -0.020186443 -0.055147436 -0.151749313 -0.022936488 0.986612797
1311875581.505888 -0.039476119 0.005611639 -0.016913965 -0.057275318 -0.155821428 -0.024864780 0.985809803
1311875581.537814 -0.041287821 0.005863843 -0.016228881 -0.057148296 -0.160520077 -0.026140573 0.985029995
1311875581.574003 -0.040560778 0.006484998 -0.018558271 -0.057882559 -0.166202351 -0.025374094 0.984064281
1311875581.605991 -0.044255197 0.004767076 -0.020159051 -0.060745850 -0.169663623 -0.028559050 0.983213425
1311875581.637917 -0.043045539 0.004989184 -0.018386561 -0.060549654 -0.177387416 -0.029481204 0.981834173
1311875581.673944 -0.043510068 0.005252549 -0.018482832 -0.058817651 -0.182950586 -0.030920707 0.980873823
1311875581.705973 -0.045445740 0.005984526 -0.018483708 -0.057093069 -0.187157795 -0.032733385 0.980122864
1311875581.738052 -0.046335187 0.008175418 -0.019816097 -0.055336569 -0.192217410 -0.031012548 0.979300022
1311875581.773905 -0.048135094 0.006786023 -0.020372909 -0.055460803 -0.197718337 -0.035083309 0.978059649
1311875581.805850 -0.049450051 0.006787071 -0.021351371 -0.054828566 -0.202672079 -0.035255868 0.977074683
1311875581.837876 -0.049194179 0.007143628 -0.022297854 -0.054092824 -0.208689958 -0.035095412 0.975853860
1311875581.873894 -0.048822697 0.006957283 -0.021885740 -0.053041261 -0.215166777 -0.034242049 0.974534452
1311875581.905872 -0.050906096 0.006015573 -0.022344261 -0.053581100 -0.219580173 -0.035136830 0.973488033
1311875581.938067 -0.053324569 0.007423006 -0.024815172 -0.052610084 -0.223892346 -0.034950145 0.972565114
1311875581.973742 -0.054582734 0.008363904 -0.024817573 -0.052200783 -0.228834510 -0.035349917 0.971421778
1311875582.005894 -0.056074731 0.008117786 -0.023738559 -0.053534571 -0.233752459 -0.034943677 0.970192134
1311875582.038113 -0.054030914 0.008475839 -0.025311384 -0.053601623 -0.241575673 -0.033124473 0.968334079
1311875582.073905 -0.053507365 0.008894977 -0.024230594 -0.053291336 -0.247799844 -0.034528118 0.966728032
1311875582.105863 -0.057399031 0.007970236 -0.025561169 -0.054795876 -0.248800918 -0.034409802 0.966390967
1311875582.138067 -0.057875004 0.008083672 -0.026748011 -0.054701354 -0.252211213 -0.034253426 0.965517461
1311875582.173871 -0.057338167 0.006914229 -0.029452819 -0.055643853 -0.256055117 -0.034270704 0.964450657
1311875582.205884 -0.058945309 0.008320669 -0.027235473 -0.056441586 -0.260411739 -0.031382129 0.963335454
1311875582.237976 -0.061067950 0.008529052 -0.027395982 -0.057569258 -0.263202786 -0.027506879 0.962628365
1311875582.273877 -0.062832937 0.009539663 -0.027941391 -0.057448383 -0.266076893 -0.028364338 0.961820245
1311875582.305893 -0.061024968 0.009042059 -0.027903836 -0.059420153 -0.271442890 -0.024591770 0.960303724
1311875582.337815 -0.059949961 0.006272526 -0.025303273 -0.061065838 -0.277295232 -0.021700367 0.958596587
1311875582.373929 -0.063033372 0.007861727 -0.026689433 -0.056421556 -0.278087765 -0.023951406 0.958598018
1311875582.405935 -0.064234458 0.006698676 -0.027328972 -0.054544020 -0.280394077 -0.024082849 0.958031356
1311875582.437807 -0.065605342 0.006896319 -0.028831769 -0.050424676 -0.282514811 -0.022016577 0.957683682
1311875582.473908 -0.066695437 0.006647415 -0.028516734 -0.047918707 -0.287133396 -0.019410105 0.956494331
1311875582.505747 -0.067262724 0.007294553 -0.028565492 -0.044463854 -0.291819811 -0.017151972 0.955285251
1311875582.537754 -0.067403540 0.006787372 -0.029414903 -0.042541273 -0.295686275 -0.016124884 0.954201162
1311875582.573787 -0.069797516 0.007062325 -0.030620549 -0.038866628 -0.296951324 -0.015980359 0.953967452
1311875582.605915 -0.069778532 0.005143153 -0.028838236 -0.036185276 -0.301406622 -0.018197641 0.952635050
1311875582.637836 -0.068704531 0.006795455 -0.030089501 -0.031888954 -0.304552466 -0.015339713 0.951838017
1311875582.673886 -0.070855618 0.007716544 -0.030858688 -0.027866626 -0.305567920 -0.015055037 0.951643348
1311875582.705745 -0.070492014 0.006514834 -0.033384100 -0.025253823 -0.307670414 -0.017989699 0.950987697
1311875582.737904 -0.073566422 0.008240039 -0.030208221 -0.021732586 -0.310707092 -0.015532287 0.950130284
1311875582.773909 -0.074534960 0.008394889 -0.030543283 -0.017274212 -0.312463254 -0.015440301 0.949647248
1311875582.805845 -0.074652135 0.008885491 -0.029861787 -0.014494298 -0.315478891 -0.016368132 0.948680699
1311875582.837864 -0.076391667 0.005484958 -0.029258089 -0.016652027 -0.316810191 -0.016791999 0.948194087
1311875582.873937 -0.076756664 0.008348955 -0.028665099 -0.011404742 -0.319463134 -0.014073550 0.947425544
1311875582.905803 -0.081186086 0.006575664 -0.031186072 -0.010326298 -0.316754460 -0.016075404 0.948315144
1311875582.937945 -0.079593830 0.007515792 -0.028924720 -0.008314863 -0.321761847 -0.013538647 0.946687341
1311875582.973831 -0.080067724 0.007766747 -0.027190177 -0.005067040 -0.324586689 -0.010898087 0.945779562
1311875583.005848 -0.082627684 0.007842975 -0.027917625 -0.001277326 -0.324226230 -0.010569432 0.945919633
1311875583.037897 -0.083816946 0.007428233 -0.029068813 0.000770896 -0.325377584 -0.009787021 0.945533216
1311875583.073899 -0.083382636 0.010140508 -0.024271814 0.005926178 -0.331063956 -0.005112697 0.943575859
1311875583.105838 -0.085869804 0.009046129 -0.027911775 0.009647971 -0.330772161 -0.004353527 0.943651259
1311875583.137919 -0.087625869 0.007997036 -0.030077478 0.011172393 -0.331878483 -0.005070913 0.943242371
1311875583.173898 -0.086715549 0.006954242 -0.028255327 0.011819258 -0.336588681 -0.004266371 0.941567957
1311875583.206025 -0.091457948 0.008802012 -0.029300738 0.016409470 -0.335197270 -0.003330362 0.941999137
1311875583.237952 -0.092167355 0.009242564 -0.028087232 0.022036513 -0.337131321 -0.001295705 0.941198826
1311875583.273864 -0.093800902 0.008922645 -0.026480634 0.024686353 -0.338358760 0.002152747 0.940690875
1311875583.305779 -0.096838035 0.005703189 -0.028291199 0.026041152 -0.337570935 0.003904482 0.940931678
1311875583.337934 -0.098676071 0.003975440 -0.029588439 0.030155532 -0.337707728 0.006194280 0.940747440
1311875583.373926 -0.097770788 0.005807356 -0.029980918 0.033100206 -0.338300318 0.010033848 0.940402329
1311875583.405828 -0.099130318 0.004891029 -0.031224906 0.033538919 -0.337314606 0.009881754 0.940742433
1311875583.437810 -0.098805316 0.004921306 -0.027963135 0.037193149 -0.338926524 0.011882086 0.940002263
1311875583.473901 -0.101546243 0.004594050 -0.030153051 0.040389266 -0.334840149 0.010812300 0.941346824
1311875583.505940 -0.103676856 0.006141843 -0.031497128 0.042352330 -0.330235124 0.010311230 0.942891717
1311875583.537725 -0.103403315 0.005396067 -0.028713636 0.045558427 -0.331363976 0.010296511 0.942346156
1311875583.573866 -0.102160662 0.004708130 -0.027407020 0.049983494 -0.331652343 0.011762970 0.942003191
1311875583.605925 -0.103327304 0.003326847 -0.026805811 0.051801149 -0.329140037 0.012338260 0.942778528
1311875583.637762 -0.101624660 0.004842054 -0.028984414 0.054100178 -0.329197466 0.011639541 0.942638159
1311875583.673894 -0.102141172 0.004588828 -0.028798137 0.054328911 -0.329399794 0.010571417 0.942566931
1311875583.705760 -0.102467448 0.004592348 -0.028226759 0.055324528 -0.330899894 0.010818806 0.941980600
1311875583.737794 -0.102992848 0.004824035 -0.026919410 0.056523781 -0.331051290 0.009233898 0.941873074
1311875583.773874 -0.103468820 0.004777887 -0.027539425 0.055717714 -0.331120998 0.007989874 0.941907942
1311875583.805862 -0.103603937 0.004453692 -0.026337210 0.060119417 -0.333774954 0.007116233 0.940706789
1311875583.837669 -0.105855390 0.004951905 -0.029832907 0.063773751 -0.332968771 0.005069367 0.940765083
1311875583.873865 -0.107684031 0.004726950 -0.028757438 0.061706938 -0.332829833 0.002640912 0.940962017
1311875583.905979 -0.106205091 0.005844807 -0.028221697 0.061031930 -0.337274522 0.003964520 0.939417481
1311875583.937760 -0.112622023 0.007410647 -0.031582076 0.059605509 -0.336859107 0.000624761 0.939666331
1311875583.973879 -0.115034856 0.006464449 -0.030162916 0.059931006 -0.340615183 -0.002376650 0.938287735
1311875584.005909 -0.114455760 0.006906535 -0.031948369 0.060885746 -0.342162669 -0.004276719 0.937656343
1311875584.037961 -0.116086856 0.006347548 -0.030137271 0.058880255 -0.344607234 -0.006923074 0.936873019
1311875584.073884 -0.115963787 0.004316079 -0.031378962 0.062369108 -0.347919047 -0.007122607 0.935420573
1311875584.105901 -0.115070567 0.003365201 -0.031326763 0.066608138 -0.351506501 -0.008461278 0.933774531
1311875584.137789 -0.114460275 0.004533362 -0.032953072 0.064290076 -0.354166389 -0.010522461 0.932910621
1311875584.173905 -0.119130224 0.008457074 -0.033658516 0.064762227 -0.355105579 -0.010862840 0.932516932
1311875584.205751 -0.121629171 0.006852923 -0.032063570 0.058996066 -0.359017670 -0.010555735 0.931404471
1311875584.237820 -0.118829161 0.009186511 -0.036059272 0.056363307 -0.365355432 -0.013989428 0.929054797
1311875584.273809 -0.116451949 0.008642273 -0.038979560 0.052242395 -0.371664047 -0.017339541 0.926733971
1311875584.305866 -0.121137045 0.009418257 -0.036737669 0.050402280 -0.373915315 -0.016812688 0.925939679
1311875584.337757 -0.123666257 0.009295909 -0.034306277 0.047581032 -0.377713174 -0.019812418 0.924487054
1311875584.373832 -0.122687593 0.009726163 -0.033998404 0.043956790 -0.381579071 -0.024235582 0.922972262
1311875584.405832 -0.123443425 0.009540689 -0.034092803 0.040721539 -0.385037243 -0.024462799 0.921677589
1311875584.437763 -0.124494106 0.010993565 -0.033701152 0.038961913 -0.388060361 -0.026759265 0.920421124
1311875584.473922 -0.121248186 0.010097392 -0.034324955 0.031189531 -0.393052816 -0.026188092 0.918613553
1311875584.505701 -0.119497046 0.011518385 -0.035326365 0.025879558 -0.397535771 -0.024581140 0.916892231
1311875584.537716 -0.122996867 0.010899371 -0.035343260 0.019259216 -0.398975581 -0.025330495 0.916409254
1311875584.573882 -0.129674658 0.012583775 -0.040999491 0.014409381 -0.395496935 -0.030295692 0.917854428
1311875584.605773 -0.130597860 0.013342989 -0.037466366 0.012247911 -0.399205387 -0.038036048 0.915990293
1311875584.637854 -0.132242352 0.011470445 -0.040477611 0.009118117 -0.398255229 -0.040200751 0.916347921
1311875584.673896 -0.130577117 0.012419432 -0.041385315 0.007398902 -0.399273336 -0.042156901 0.915832341
1311875584.705909 -0.135538787 0.013237618 -0.043942187 0.007431594 -0.396240145 -0.046812516 0.916922629
1311875584.737938 -0.138810545 0.017190866 -0.047250152 0.008539709 -0.394409806 -0.048144486 0.917632878
1311875584.773890 -0.134703964 0.014354708 -0.047379062 0.001761637 -0.399193525 -0.050961144 0.915447652
1311875584.805990 -0.136410788 0.016783452 -0.046260264 -0.001434500 -0.399870694 -0.052871738 0.915044248
1311875584.838075 -0.136589393 0.015643541 -0.049189966 -0.006093995 -0.400286406 -0.055532601 0.914685607
1311875584.874139 -0.136871442 0.015303404 -0.048205223 -0.010373366 -0.402600795 -0.057104226 0.913533866
1311875584.905747 -0.136963695 0.014108372 -0.045900878 -0.015111820 -0.404520720 -0.061227988 0.912351787
1311875584.937882 -0.139317095 0.015135958 -0.047413412 -0.017906692 -0.403619677 -0.063158393 0.912568629
1311875584.973807 -0.137292892 0.015123498 -0.045321893 -0.022481924 -0.407262653 -0.063911617 0.910794735
1311875585.005704 -0.136342719 0.015031947 -0.043259420 -0.025663771 -0.410554022 -0.066617496 0.909037352
1311875585.037832 -0.138188601 0.014024689 -0.047989685 -0.029543342 -0.410027802 -0.067529097 0.909089744
1311875585.073920 -0.139541864 0.014682652 -0.049374934 -0.032990083 -0.410810441 -0.066494808 0.908694088
1311875585.106495 -0.136859477 0.014155624 -0.049616024 -0.037912015 -0.413970858 -0.067697868 0.906977296
1311875585.141814 -0.151081726 0.019245800 -0.056942891 -0.035544235 -0.405550301 -0.076239243 0.910194039
1311875585.173831 -0.151912645 0.017172202 -0.061074968 -0.040486772 -0.405554563 -0.079121284 0.909739614
1311875585.206019 -0.149343938 0.020211212 -0.060283404 -0.041902676 -0.410706580 -0.079065233 0.907365978
1311875585.241790 -0.153878585 0.023150854 -0.057762809 -0.041934963 -0.412012339 -0.082035094 0.906508446
1311875585.273807 -0.157326445 0.022665419 -0.062269121 -0.045113347 -0.410974979 -0.087567270 0.906309187
1311875585.305853 -0.155069068 0.024386968 -0.060829915 -0.048462536 -0.417454123 -0.087495923 0.903176546
1311875585.341802 -0.156891510 0.022830676 -0.062531620 -0.052651171 -0.419541597 -0.091723032 0.901553988
1311875585.373853 -0.154957607 0.022805404 -0.060539249 -0.055039790 -0.426127195 -0.097768322 0.897679031
1311875585.405948 -0.155992061 0.027315006 -0.058690991 -0.054683529 -0.429806769 -0.099682830 0.895733893
1311875585.441710 -0.154202700 0.026711892 -0.056865919 -0.057749618 -0.435790956 -0.100539617 0.892548621
1311875585.473792 -0.154289931 0.027248625 -0.057245124 -0.059617490 -0.437682331 -0.102885403 0.891232014
1311875585.505843 -0.159452498 0.027351806 -0.063716337 -0.064521000 -0.434368551 -0.107553795 0.891960323
1311875585.541741 -0.166839972 0.022561338 -0.068468839 -0.072471179 -0.432947010 -0.112078719 0.891483724
1311875585.573923 -0.165522933 0.021895742 -0.064870492 -0.075417824 -0.439428926 -0.114983611 0.887689769
1311875585.605868 -0.162191838 0.025578462 -0.065626875 -0.074580520 -0.443122864 -0.115322903 0.885878384
1311875585.641810 -0.165619507 0.024918089 -0.068106629 -0.078179538 -0.442342192 -0.118723124 0.885509014
1311875585.673845 -0.164900199 0.026542928 -0.067778975 -0.079608880 -0.445595354 -0.121052787 0.883432746
1311875585.705963 -0.165356770 0.023862336 -0.066815279 -0.086450681 -0.447678924 -0.124780282 0.881214917
1311875585.741823 -0.164299101 0.023876822 -0.064175949 -0.089111730 -0.452315301 -0.126821160 0.878286004
1311875585.773914 -0.165859923 0.025492169 -0.063301116 -0.090131141 -0.453678221 -0.127230272 0.877419472
1311875585.805863 -0.166500896 0.031020429 -0.069447532 -0.087244079 -0.450652152 -0.126679689 0.879348278
1311875585.841865 -0.169292867 0.030286634 -0.070993081 -0.090200029 -0.451690614 -0.129111275 0.878162742
1311875585.873985 -0.169620544 0.031561434 -0.071640931 -0.090550996 -0.452716798 -0.127984852 0.877762973
1311875585.905858 -0.171563119 0.033229019 -0.076013714 -0.092035852 -0.450820416 -0.128030911 0.878577530
1311875585.941762 -0.176694214 0.032787770 -0.075613871 -0.095058717 -0.451630414 -0.130940929 0.877409935
1311875585.973698 -0.173576295 0.032578483 -0.072601676 -0.096957363 -0.458700418 -0.130890310 0.873533607
1311875586.005852 -0.177233532 0.034654770 -0.073540859 -0.097354159 -0.459681153 -0.131448165 0.872889936
1311875586.041827 -0.179642871 0.037757799 -0.077076614 -0.096116826 -0.459323972 -0.132977381 0.872983456
1311875586.073762 -0.180972621 0.034793533 -0.081861719 -0.100103334 -0.458058417 -0.136602268 0.872640610
1311875586.105850 -0.182727963 0.034960948 -0.080419034 -0.102222502 -0.460945457 -0.133590475 0.871340036
1311875586.141892 -0.183564082 0.039664462 -0.081418812 -0.100060053 -0.462071627 -0.132543981 0.871154308
1311875586.173743 -0.183943629 0.044290561 -0.080869623 -0.100039944 -0.465972245 -0.126915604 0.869916260
1311875586.205897 -0.182543814 0.034610026 -0.078179799 -0.112194084 -0.473734468 -0.130930245 0.863623440
1311875586.241825 -0.173370957 0.032177012 -0.067402489 -0.117358096 -0.490873903 -0.133220673 0.852949083
1311875586.273831 -0.169674784 0.032939408 -0.066561550 -0.120444171 -0.498429984 -0.134011686 0.847998619
1311875586.305855 -0.173833907 0.029587947 -0.071901411 -0.126582563 -0.498132467 -0.135121152 0.847102821
1311875586.341725 -0.175233960 0.028054265 -0.072960168 -0.129915386 -0.500836909 -0.138321251 0.844483018
1311875586.373904 -0.197199389 0.032450743 -0.079171412 -0.129555687 -0.490562260 -0.143549949 0.849680781
1311875586.405960 -0.198326379 0.032409221 -0.079998769 -0.130147547 -0.493661195 -0.144600973 0.847614765
1311875586.441800 -0.190680832 0.026802447 -0.080841690 -0.135540143 -0.500152469 -0.143839046 0.843081653
1311875586.473850 -0.192295402 0.032807678 -0.081503384 -0.130912885 -0.502694309 -0.142493397 0.842529416
1311875586.505861 -0.194983244 0.033381030 -0.079291895 -0.130357772 -0.507014275 -0.145333782 0.839536488
1311875586.541893 -0.199453622 0.033455711 -0.079099625 -0.131179854 -0.508433461 -0.146782413 0.838297188
1311875586.573945 -0.196975291 0.034704506 -0.078398585 -0.129578397 -0.515000165 -0.146981165 0.834494352
1311875586.605879 -0.199285001 0.035458446 -0.077221021 -0.129469976 -0.519643724 -0.149071559 0.831255436
1311875586.641927 -0.203299731 0.035354946 -0.077587947 -0.129243389 -0.521053433 -0.152666256 0.829754472
1311875586.673815 -0.203072727 0.035512604 -0.077417850 -0.130907491 -0.523473203 -0.152102545 0.828072369
1311875586.705775 -0.204329461 0.035026282 -0.075164437 -0.132477894 -0.528985500 -0.157117113 0.823369980
1311875586.741661 -0.205387414 0.036273979 -0.076388523 -0.132725522 -0.530006230 -0.157021642 0.822691619
1311875586.773825 -0.204880595 0.035506986 -0.074755743 -0.133821055 -0.535426915 -0.161450595 0.818134248
1311875586.805757 -0.206049263 0.035796806 -0.074701980 -0.135525048 -0.537070990 -0.164377496 0.816191018
1311875586.841671 -0.205459163 0.035707504 -0.074518427 -0.135358244 -0.539651930 -0.165687159 0.814249158
1311875586.873885 -0.204869032 0.035844058 -0.074062377 -0.135140449 -0.542758465 -0.167454392 0.811855495
1311875586.905811 -0.205409482 0.036631659 -0.074644029 -0.138088629 -0.543382168 -0.167452976 0.810941935
1311875586.941803 -0.205377251 0.037248760 -0.072944120 -0.137129813 -0.547473788 -0.170382619 0.807736099
1311875586.974267 -0.208213031 0.035847150 -0.073086143 -0.139523774 -0.548262239 -0.175501183 0.805692852
1311875587.005833 -0.209326118 0.036561564 -0.073839448 -0.141405240 -0.547855139 -0.176598117 0.805401981
1311875587.041806 -0.208726823 0.036940672 -0.073977903 -0.142611593 -0.549334884 -0.179088414 0.803629518
1311875587.073783 -0.209972233 0.037543207 -0.073174641 -0.143637583 -0.550075412 -0.179080844 0.802941680
1311875587.105862 -0.210255176 0.037366256 -0.071994066 -0.144113109 -0.551842213 -0.182059690 0.800971806
1311875587.141829 -0.210899189 0.038960844 -0.071415484 -0.144683599 -0.552002490 -0.181202561 0.800952911
1311875587.173798 -0.213728696 0.038113244 -0.073263995 -0.145716816 -0.549450636 -0.182674810 0.802184880
1311875587.205774 -0.215872273 0.037199989 -0.071627080 -0.145806089 -0.550350428 -0.184416220 0.801152706
1311875587.241782 -0.213934496 0.038768023 -0.072306342 -0.147531405 -0.549573362 -0.179038301 0.802588880
1311875587.273803 -0.215606973 0.037054710 -0.069839321 -0.150460631 -0.551684201 -0.181080803 0.800134897
1311875587.305792 -0.215674728 0.037662216 -0.070946604 -0.150254205 -0.551694214 -0.180220917 0.800360918
1311875587.341619 -0.217694640 0.037233017 -0.070338055 -0.152336046 -0.552361548 -0.179362386 0.799699664
1311875587.373695 -0.217087224 0.040301021 -0.070166722 -0.149139017 -0.554331720 -0.171612695 0.800639093
1311875587.405762 -0.217827827 0.039324094 -0.071056470 -0.151276514 -0.553833246 -0.166916668 0.801575303
1311875587.441783 -0.218663871 0.040896796 -0.071937844 -0.151608452 -0.554930806 -0.160740927 0.802015603
1311875587.473700 -0.217752352 0.041270528 -0.070976064 -0.151514798 -0.559486806 -0.157938033 0.799420655
1311875587.505858 -0.214013547 0.040936586 -0.072145835 -0.154506937 -0.563013434 -0.154626325 0.797015786
1311875587.541795 -0.215218663 0.040640496 -0.072458856 -0.157208070 -0.562766850 -0.153643534 0.796851814
1311875587.573665 -0.219060689 0.041658450 -0.071048632 -0.155873135 -0.564988554 -0.150698990 0.796103835
1311875587.605774 -0.220208317 0.043324865 -0.071865663 -0.154897049 -0.565639377 -0.147286803 0.796470702
1311875587.641831 -0.219748154 0.044463769 -0.073664904 -0.153566450 -0.567964256 -0.142968759 0.795860469
1311875587.673762 -0.223252416 0.044213939 -0.072429128 -0.152187020 -0.572658241 -0.141707689 0.792982101
1311875587.705768 -0.225218296 0.044529554 -0.072198480 -0.155110240 -0.577544987 -0.137892112 0.789536774
1311875587.741719 -0.244034559 0.042145818 -0.107775137 -0.153703123 -0.547377288 -0.150735244 0.808722615
1311875587.773692 -0.244943321 0.042722441 -0.109586641 -0.150132194 -0.552555203 -0.148284465 0.806321740
1311875587.805675 -0.246777326 0.045598440 -0.116246067 -0.145415470 -0.553932726 -0.147056594 0.806465864
1311875587.841774 -0.246609092 0.044041120 -0.113023661 -0.147475287 -0.562180459 -0.146138296 0.800529718
1311875587.873677 -0.251434028 0.048458312 -0.122492984 -0.141844943 -0.559821248 -0.144429609 0.803505003
1311875587.905812 -0.249401197 0.042156778 -0.114626855 -0.146973044 -0.572270215 -0.145204201 0.793612957
1311875587.941784 -0.250729859 0.041327652 -0.117582589 -0.147087455 -0.575506270 -0.147024885 0.790911853
1311875587.973639 -0.251275897 0.042637661 -0.116090663 -0.145979315 -0.582222879 -0.147134125 0.786166728
1311875588.005808 -0.253259331 0.043796908 -0.117965013 -0.145155251 -0.586603820 -0.146579653 0.783160448
1311875588.041631 -0.252596915 0.043627605 -0.123344079 -0.142212242 -0.590308249 -0.148637295 0.780524731
1311875588.073675 -0.255812705 0.040999979 -0.119411990 -0.145064190 -0.598170042 -0.146602795 0.774374962
1311875588.105855 -0.257575065 0.040298611 -0.122056529 -0.141699806 -0.602927148 -0.145761743 0.771461964
1311875588.141725 -0.256537974 0.045259319 -0.124436289 -0.131515279 -0.608582079 -0.145861089 0.768801689
1311875588.173804 -0.258649737 0.047586709 -0.124379605 -0.128217071 -0.614263058 -0.143128693 0.765346587
1311875588.205832 -0.257997423 0.045789219 -0.126007900 -0.127943233 -0.618354023 -0.142348737 0.762237251
1311875588.241809 -0.260671556 0.044921435 -0.125196993 -0.128153548 -0.624051511 -0.139636338 0.758048832
1311875588.273635 -0.259939551 0.046588823 -0.127924666 -0.124356531 -0.627675116 -0.137471423 0.756082714
1311875588.305685 -0.259844035 0.044460066 -0.130488724 -0.123854510 -0.630108118 -0.138050020 0.754033208
1311875588.341780 -0.261861622 0.044590283 -0.129418537 -0.123428874 -0.634911299 -0.136007175 0.750436544
1311875588.373708 -0.263184726 0.045639027 -0.127442241 -0.121782131 -0.640707076 -0.133369088 0.746241450
1311875588.405695 -0.264166325 0.046542484 -0.129705042 -0.117113762 -0.643647254 -0.135880932 0.744001985
1311875588.441630 -0.262892485 0.043972142 -0.128928572 -0.120739706 -0.647052824 -0.131617039 0.741229773
1311875588.473781 -0.264639974 0.044321258 -0.129346505 -0.119387351 -0.650084853 -0.131451845 0.738821208
1311875588.505701 -0.265435338 0.043680768 -0.130762681 -0.117368557 -0.653296113 -0.131462380 0.736305952
1311875588.541846 -0.266510040 0.043705389 -0.131486908 -0.116134405 -0.656222939 -0.130402401 0.734084129
1311875588.573756 -0.266739309 0.044395804 -0.132082969 -0.112319060 -0.659588456 -0.129173115 0.731875539
1311875588.605762 -0.267476618 0.045516867 -0.133392990 -0.108767316 -0.662183881 -0.129658058 0.729980171
1311875588.641682 -0.269463003 0.044658102 -0.134161234 -0.108920865 -0.663291693 -0.130239815 0.728847027
1311875588.673700 -0.272851288 0.046191350 -0.132282779 -0.105814256 -0.666105330 -0.126710206 0.727359295
1311875588.705778 -0.271526814 0.044718780 -0.132781625 -0.104305305 -0.667616785 -0.126155883 0.726287067
1311875588.741856 -0.275725961 0.046234418 -0.131323397 -0.103428759 -0.669464111 -0.124132402 0.725059569
1311875588.773651 -0.275903553 0.045691468 -0.130378097 -0.102653340 -0.671779811 -0.119307473 0.723836899
1311875588.805676 -0.274983406 0.045465227 -0.132011503 -0.100940421 -0.672455728 -0.117922612 0.723677099
1311875588.841709 -0.278428078 0.045538411 -0.131856009 -0.100660637 -0.673144579 -0.116247714 0.723346591
1311875588.873691 -0.280625910 0.046361439 -0.132035986 -0.098328374 -0.674274802 -0.115161702 0.722788215
1311875588.905696 -0.280654222 0.044567399 -0.132415637 -0.099297024 -0.675597250 -0.111354202 0.722017109
1311875588.941789 -0.282163709 0.046460472 -0.132085666 -0.095061466 -0.677708089 -0.110870890 0.720682085
1311875588.973757 -0.283531219 0.046262596 -0.134218141 -0.092807859 -0.678165972 -0.113024056 0.720210493
1311875589.005673 -0.287170589 0.045444228 -0.132066518 -0.093875296 -0.681451619 -0.108467638 0.717666984
1311875589.041830 -0.287966102 0.044640325 -0.129355073 -0.095356449 -0.684789717 -0.100525089 0.715447307
1311875589.073882 -0.288415492 0.044948049 -0.130845129 -0.094124779 -0.685958505 -0.097933397 0.714850008
1311875589.105721 -0.286456645 0.041323401 -0.132775068 -0.091698729 -0.687836349 -0.098031059 0.713345885
1311875589.141748 -0.287191957 0.042844057 -0.135537356 -0.085520767 -0.690642476 -0.096808217 0.711566806
1311875589.173634 -0.287534863 0.043054525 -0.136075765 -0.084266618 -0.693479776 -0.095387131 0.709144771
1311875589.205644 -0.290009588 0.040819973 -0.133955508 -0.084924161 -0.698126316 -0.091862760 0.704960108
1311875589.241671 -0.291456223 0.043150309 -0.135078132 -0.076958016 -0.701521099 -0.091108158 0.702598691
1311875589.273678 -0.290239215 0.042739023 -0.136535302 -0.075673111 -0.704713643 -0.089592308 0.699732423
1311875589.305712 -0.290873349 0.042746603 -0.136132419 -0.073738180 -0.708657920 -0.088501118 0.696084917
1311875589.341709 -0.295726031 0.043652132 -0.135394469 -0.072023347 -0.713690758 -0.085062847 0.691536307
1311875589.373702 -0.295516133 0.043273941 -0.137456760 -0.070978582 -0.716906190 -0.084801696 0.688343108
1311875589.405687 -0.293096364 0.042528100 -0.137485743 -0.070982195 -0.721969068 -0.083011732 0.683250487
1311875589.441623 -0.295316070 0.042847887 -0.138140231 -0.066136815 -0.726597607 -0.081145674 0.679041445
1311875589.473607 -0.293734193 0.042908400 -0.139962882 -0.061738487 -0.729607642 -0.080579899 0.676289856
1311875589.505769 -0.295722216 0.041542672 -0.139412656 -0.059558369 -0.733774245 -0.079689406 0.672069728
1311875589.541711 -0.297973514 0.042365715 -0.138630837 -0.055761460 -0.738748074 -0.072249301 0.667773962
1311875589.573690 -0.296924353 0.042569965 -0.140324354 -0.052726522 -0.743380964 -0.067218065 0.663390100
1311875589.605760 -0.297376424 0.042276993 -0.139859498 -0.053356946 -0.748275340 -0.064041488 0.658130527
1311875589.641712 -0.302131414 0.046779018 -0.140047073 -0.046315376 -0.753564715 -0.063201457 0.652687311
1311875589.673576 -0.300218463 0.045663103 -0.141316265 -0.046209577 -0.757653654 -0.056492150 0.648563206
1311875589.705632 -0.295653224 0.042863533 -0.142638937 -0.048543908 -0.760871351 -0.052107751 0.644982994
1311875589.741782 -0.297211021 0.043858498 -0.143317565 -0.046699353 -0.765853584 -0.050761953 0.639304757
1311875589.773610 -0.298390150 0.043668009 -0.143483937 -0.047890060 -0.769115388 -0.049883191 0.635357916
1311875589.805633 -0.298162937 0.044810887 -0.144864768 -0.048737295 -0.771865427 -0.048880070 0.632027805
1311875589.841797 -0.297096908 0.043379650 -0.144074902 -0.052533690 -0.774989069 -0.047143970 0.628020406
1311875589.873593 -0.297027707 0.043957628 -0.144391984 -0.050865661 -0.778294325 -0.048050139 0.623988509
1311875589.905654 -0.296515942 0.044129752 -0.144922882 -0.052811556 -0.781024277 -0.047333542 0.620460749
1311875589.941789 -0.297674239 0.043531138 -0.143809050 -0.053222712 -0.784598470 -0.047486562 0.615887582
1311875589.973596 -0.304051101 0.046958588 -0.146479875 -0.050919991 -0.786584139 -0.048237249 0.613486409
1311875590.005654 -0.300697923 0.045438431 -0.147003293 -0.048372805 -0.790557921 -0.048695117 0.608528495
1311875590.041775 -0.299602211 0.044080693 -0.148476690 -0.048504602 -0.792365611 -0.051895425 0.605896652
1311875590.073626 -0.304010749 0.045802683 -0.146446228 -0.051539201 -0.794337273 -0.049544401 0.603255570
1311875590.105625 -0.306693971 0.046180416 -0.146270648 -0.049984410 -0.796194494 -0.048604958 0.601010263
1311875590.141776 -0.305023044 0.046183977 -0.146789998 -0.049078804 -0.796149552 -0.050322365 0.601003051
1311875590.173594 -0.305831581 0.046399347 -0.148160666 -0.048961874 -0.796257973 -0.051317085 0.600784898
1311875590.205601 -0.304663479 0.045879234 -0.149240568 -0.047263999 -0.796634257 -0.049851861 0.600545406
1311875590.241612 -0.304069668 0.046412498 -0.149071276 -0.046639297 -0.797223151 -0.049015168 0.599881172
1311875590.273690 -0.307393909 0.047600407 -0.148382708 -0.048298825 -0.797765553 -0.049545009 0.598984718
1311875590.305662 -0.311698735 0.047815297 -0.150484577 -0.045645006 -0.797908545 -0.053464808 0.598665118
1311875590.341741 -0.305468649 0.048107650 -0.152834982 -0.039987326 -0.797437310 -0.058217984 0.599254131
1311875590.373933 -0.310375273 0.049065504 -0.153068319 -0.038909987 -0.796957016 -0.061908305 0.599594057
1311875590.405700 -0.312975019 0.049621608 -0.153096244 -0.038366500 -0.797184706 -0.062891975 0.599223852
1311875590.441664 -0.315711081 0.050074458 -0.153556526 -0.038362525 -0.798329294 -0.063974299 0.597583473
1311875590.473644 -0.321884662 0.051277302 -0.154148385 -0.038885392 -0.799175739 -0.064290434 0.596383095
1311875590.505665 -0.323999345 0.051514369 -0.152056038 -0.041716389 -0.800721645 -0.063032217 0.594248831
1311875590.541672 -0.324452907 0.051722348 -0.153078988 -0.041862499 -0.801411152 -0.066461146 0.592934012
1311875590.573617 -0.325592101 0.051880788 -0.154052317 -0.042407520 -0.801463902 -0.071343444 0.592256248
1311875590.605676 -0.326171219 0.051588401 -0.156644583 -0.039927572 -0.800665021 -0.076643504 0.592846572
1311875590.641813 -0.312993169 0.050231799 -0.161322653 -0.038171295 -0.798592687 -0.080527760 0.595237732
1311875590.673646 -0.309863627 0.049559653 -0.165221721 -0.038639825 -0.796419621 -0.085261606 0.597455561
1311875590.705659 -0.304752171 0.050498202 -0.169097155 -0.036787234 -0.794326544 -0.091993213 0.599357426
1311875590.741789 -0.315924823 0.052265309 -0.162669450 -0.043142371 -0.795655549 -0.089763895 0.597505987
1311875590.773565 -0.321224242 0.055016726 -0.162395895 -0.044820163 -0.793048620 -0.093486860 0.600270927
1311875590.805781 -0.318837434 0.050754242 -0.162429109 -0.046969216 -0.790699124 -0.092702881 0.603319943
1311875590.841586 -0.324074686 0.054875754 -0.160635859 -0.045288499 -0.788749933 -0.094900072 0.605653763
1311875590.873649 -0.331099510 0.056568146 -0.160256475 -0.047800027 -0.786141396 -0.095636241 0.608728707
1311875590.905799 -0.329561055 0.056138694 -0.163196623 -0.044634294 -0.783464670 -0.097134098 0.612173021
1311875590.941659 -0.329918802 0.055351712 -0.160623461 -0.047668040 -0.783137202 -0.092100874 0.613140583
1311875590.973618 -0.327589929 0.054988831 -0.161439121 -0.042913888 -0.781406939 -0.093146823 0.615536511
1311875591.005641 -0.331333458 0.055107333 -0.161676913 -0.040077943 -0.779129326 -0.090942368 0.618935108
1311875591.041669 -0.331619948 0.056705523 -0.162065580 -0.032590371 -0.777309597 -0.088134080 0.622061133
1311875591.073818 -0.329608768 0.055585269 -0.163493693 -0.024511566 -0.774957061 -0.088685267 0.625280440
1311875591.105611 -0.330147475 0.055203885 -0.165484086 -0.018359644 -0.772751927 -0.087562971 0.628370941
1311875591.141700 -0.333575338 0.054590877 -0.162810177 -0.015753243 -0.772397161 -0.083440579 0.629437923
1311875591.173679 -0.329026759 0.054437306 -0.165642679 -0.010302999 -0.770196974 -0.079809427 0.632709146
1311875591.205909 -0.331263900 0.054304317 -0.165724397 -0.007267412 -0.768077135 -0.076944083 0.635676265
1311875591.241766 -0.327356994 0.052233450 -0.167115986 -0.003212365 -0.766892314 -0.074737735 0.637401104
1311875591.273589 -0.332166135 0.054211818 -0.165051818 0.001111478 -0.765866518 -0.068278007 0.639363170
1311875591.305599 -0.331311882 0.053930357 -0.167418763 0.004349580 -0.762898684 -0.066426404 0.643081844
1311875591.341785 -0.330184430 0.051190175 -0.166634738 0.007451274 -0.761879802 -0.062364608 0.644666016
1311875591.373658 -0.328841031 0.052618496 -0.167302042 0.011346924 -0.760108888 -0.056482222 0.647236705
1311875591.405634 -0.327557713 0.053143520 -0.168487877 0.014507233 -0.758125186 -0.053911027 0.649714768
1311875591.441614 -0.329156548 0.049625389 -0.165984511 0.015103160 -0.756075144 -0.048289932 0.652526081
1311875591.473708 -0.330868244 0.048761927 -0.166382909 0.017971214 -0.752840281 -0.043376409 0.656526387
1311875591.505829 -0.326845735 0.048852693 -0.167603090 0.021280589 -0.749977112 -0.042713527 0.659740031
1311875591.541914 -0.327011049 0.048931234 -0.169702947 0.023931989 -0.746916413 -0.038810104 0.663352668
1311875591.573790 -0.328109592 0.049727716 -0.167318657 0.026444493 -0.744626343 -0.033734310 0.666103780
1311875591.605764 -0.328194946 0.047816183 -0.169387102 0.028200474 -0.741273105 -0.032952398 0.669800758
1311875591.644769 -0.327058643 0.045473650 -0.166987240 0.029522542 -0.739590287 -0.025140528 0.671939433
1311875591.673590 -0.326797545 0.050280076 -0.166108966 0.037777115 -0.737079918 -0.021991309 0.674390495
1311875591.705725 -0.338501513 0.052029233 -0.162329406 0.040488116 -0.735054910 -0.018154364 0.676554024
1311875591.741762 -0.334270149 0.045585141 -0.162922099 0.041471075 -0.732349515 -0.012308343 0.679553390
1311875591.773739 -0.331854999 0.043039840 -0.163693234 0.048690233 -0.730147123 -0.006736598 0.681519568
1311875591.805942 -0.335595548 0.045353249 -0.166074291 0.055230886 -0.727204800 0.000636065 0.684194684
1311875591.841767 -0.337015420 0.045452610 -0.168784976 0.060831435 -0.723413050 0.004849953 0.687713325
1311875591.873719 -0.335215002 0.043921318 -0.170406312 0.061599974 -0.721436739 0.013291413 0.689606965
1311875591.905715 -0.335985243 0.044222463 -0.169025615 0.061792992 -0.720606327 0.022955310 0.690203726
1311875591.941719 -0.336733162 0.042374298 -0.167726412 0.063938640 -0.719408572 0.027432695 0.691093802
1311875591.973737 -0.343293995 0.046303064 -0.174543917 0.069974914 -0.716470063 0.031104069 0.693402231
1311875592.005974 -0.338203311 0.034112707 -0.162002504 0.069775701 -0.717942894 0.033010922 0.691808999
1311875592.041766 -0.342551976 0.044563331 -0.163996816 0.073904335 -0.715939224 0.039723825 0.693102598
1311875592.073611 -0.337919265 0.042009559 -0.167136103 0.079305530 -0.713987410 0.041284822 0.694426537
1311875592.105814 -0.341957778 0.039972413 -0.171725869 0.086202517 -0.710613906 0.043832760 0.696904361
1311875592.141577 -0.340442926 0.037111640 -0.178701416 0.087274253 -0.706095815 0.047464076 0.701112688
1311875592.173698 -0.330080390 0.039152786 -0.170156837 0.093815118 -0.706532419 0.048006006 0.699790001
1311875592.206353 -0.334501475 0.042989679 -0.170202479 0.097708009 -0.705874562 0.053457364 0.699526012
1311875592.241608 -0.336013168 0.032051720 -0.165534258 0.095234692 -0.706788957 0.054022536 0.698900044
1311875592.273563 -0.335349202 0.031398669 -0.159366146 0.096536763 -0.707476556 0.054072369 0.698021352
1311875592.306681 -0.333916962 0.031863905 -0.164586037 0.098863952 -0.704852402 0.058021575 0.700030386
1311875592.341699 -0.333470106 0.031463601 -0.164605081 0.101690717 -0.703504980 0.057140581 0.701052606
1311875592.373763 -0.342619717 0.031337544 -0.174829856 0.105207331 -0.697421789 0.058130506 0.706509054
1311875592.405846 -0.337922424 0.031248450 -0.173422202 0.108374387 -0.694596708 0.058127135 0.708809972
1311875592.441752 -0.341429472 0.030417614 -0.169236764 0.111702226 -0.692639768 0.056972276 0.710300505
1311875592.473755 -0.336329192 0.035561182 -0.174161404 0.110797629 -0.688521206 0.057836700 0.714365005
1311875592.505847 -0.329738528 0.046183452 -0.183322325 0.114783674 -0.682808399 0.056720011 0.719291449
1311875592.541734 -0.337548465 0.046414122 -0.177475497 0.114947267 -0.681512892 0.058390189 0.720359504
1311875592.573571 -0.337425470 0.034694441 -0.181986317 0.109953284 -0.677237511 0.055257436 0.725400746
1311875592.605758 -0.343297243 0.032889597 -0.176230729 0.110219568 -0.674562812 0.055863764 0.727802098
1311875592.641689 -0.338476896 0.031013593 -0.178571150 0.108678825 -0.668904960 0.053957928 0.733378232
1311875592.673676 -0.343682408 0.031331569 -0.175550073 0.105019405 -0.664474070 0.056265675 0.737752914
1311875592.705705 -0.337600440 0.041516706 -0.177374855 0.103775516 -0.660785377 0.060589861 0.740892828
1311875592.741719 -0.344220132 0.031158641 -0.174975485 0.100345433 -0.657266617 0.053533167 0.745027244
1311875592.773632 -0.346462727 0.034270555 -0.173587799 0.101121068 -0.651482224 0.053311244 0.750002205
1311875592.805911 -0.341530651 0.032742843 -0.177769572 0.099689603 -0.645609319 0.054129109 0.755195737
1311875592.841756 -0.356612086 0.034724958 -0.162596434 0.103585042 -0.645010710 0.051204078 0.755386949
1311875592.873740 -0.351208836 0.033916675 -0.165429518 0.101990625 -0.639261723 0.048814178 0.760630965
1311875592.905585 -0.352454692 0.033988215 -0.164434358 0.104846247 -0.634673834 0.047489703 0.764160395
1311875592.941562 -0.345147789 0.034960061 -0.167464063 0.101363957 -0.627479851 0.048295800 0.770494640
1311875592.973578 -0.342745602 0.034368008 -0.166744754 0.097300008 -0.622733176 0.045796420 0.775008917
1311875593.005703 -0.355522305 0.034807041 -0.160696983 0.098934807 -0.620254636 0.045897562 0.776781499
1311875593.041691 -0.350219578 0.033955205 -0.166560471 0.098197989 -0.614732087 0.041045438 0.781522155
1311875593.073787 -0.358288229 0.035437323 -0.162007898 0.099632345 -0.609983027 0.035934240 0.785304308
1311875593.105767 -0.355789483 0.036120366 -0.165916517 0.101390913 -0.602616131 0.031126231 0.790951788
1311875593.141721 -0.357813865 0.036115937 -0.161322892 0.101472743 -0.599178970 0.027385801 0.793686271
1311875593.173738 -0.350687683 0.033899840 -0.167200476 0.098442592 -0.591661572 0.020642556 0.799887180
1311875593.205720 -0.359768212 0.035986666 -0.161371857 0.100716665 -0.587960541 0.012733630 0.802493870
1311875593.241675 -0.360145330 0.033050872 -0.162248820 0.092497855 -0.583636522 0.016013162 0.806570590
1311875593.273798 -0.354592651 0.035548959 -0.166928351 0.091285877 -0.578296542 0.011567533 0.810620844
1311875593.305681 -0.356546104 0.034519583 -0.166011661 0.089702129 -0.573213398 0.011456738 0.814400792
1311875593.341677 -0.358351856 0.033181977 -0.165073276 0.088780075 -0.567467511 0.010228243 0.818531692
1311875593.373727 -0.359151006 0.032897014 -0.165100843 0.084630214 -0.561746597 0.007408869 0.822935939
1311875593.405571 -0.358746797 0.032708552 -0.168515772 0.083766922 -0.555977225 0.005248316 0.826949120
1311875593.441730 -0.364835382 0.039993141 -0.165437043 0.087526850 -0.552207530 0.002927161 0.829094291
1311875593.473775 -0.356861889 0.038822163 -0.176315308 0.079109587 -0.544404387 -0.001753174 0.835082352
1311875593.505578 -0.365093052 0.039068777 -0.170067221 0.072844803 -0.541023374 -0.001567376 0.837845385
1311875593.541631 -0.366481662 0.043292329 -0.168976635 0.078274220 -0.536899984 -0.005854497 0.839986503
1311875593.573741 -0.367845625 0.044042826 -0.169512600 0.076672591 -0.530940950 -0.009448444 0.843880177
1311875593.605544 -0.369819582 0.043585636 -0.171583951 0.071582384 -0.523946285 -0.008208781 0.848698378
1311875593.641724 -0.373251349 0.044528496 -0.166867912 0.069782026 -0.521171451 -0.010244285 0.850532651
1311875593.673575 -0.376437128 0.044329368 -0.165144771 0.063463815 -0.515835404 -0.011294028 0.854259133
1311875593.705787 -0.373342395 0.043695576 -0.170468956 0.060005743 -0.507129669 -0.012789241 0.859683216
1311875593.741594 -0.374231637 0.042257693 -0.169335693 0.056468900 -0.502918363 -0.015127758 0.862354636
1311875593.773745 -0.374069154 0.043724027 -0.169471800 0.054226238 -0.498155832 -0.017622666 0.865210831
1311875593.805723 -0.374782324 0.044173080 -0.170700759 0.049436226 -0.491855532 -0.019254735 0.869058967
1311875593.841603 -0.375135779 0.044488259 -0.170989245 0.046901442 -0.486850560 -0.021784144 0.871953130
1311875593.874949 -0.376751572 0.045694537 -0.172278643 0.045116793 -0.482020110 -0.023476323 0.874682784
1311875593.907238 -0.376939476 0.047228277 -0.173854947 0.041766819 -0.477938175 -0.026434831 0.877001643
1311875593.941602 -0.378261387 0.045723252 -0.174736172 0.034710508 -0.474655509 -0.029040972 0.879007399
1311875593.975044 -0.380413502 0.047102250 -0.173770875 0.033770133 -0.473225176 -0.034346908 0.879623652
1311875594.006281 -0.377871126 0.047509518 -0.176027715 0.030837907 -0.469984025 -0.039601061 0.881246746
1311875594.041882 -0.377831757 0.047675408 -0.176896229 0.029782891 -0.466193825 -0.043966580 0.883087337
1311875594.075425 -0.378823847 0.049272951 -0.178549781 0.030622359 -0.462741792 -0.046620887 0.884736538
1311875594.107050 -0.382551849 0.049247924 -0.177346408 0.028766576 -0.461181253 -0.046339519 0.885628045
1311875594.141921 -0.383986473 0.048882797 -0.174397081 0.025889248 -0.459923834 -0.047505934 0.886308610
1311875594.173777 -0.384620249 0.049456768 -0.176794976 0.026561543 -0.455596805 -0.047915738 0.888498783
1311875594.209680 -0.388335407 0.048962135 -0.174576759 0.024274403 -0.454778641 -0.046266325 0.889070630
1311875594.241645 -0.388133347 0.050242461 -0.176731497 0.023601832 -0.451930463 -0.046668720 0.890518844
1311875594.273626 -0.388902128 0.050832640 -0.177088544 0.025177659 -0.448406547 -0.047261015 0.892224193
1311875594.309672 -0.389489651 0.050805509 -0.177126914 0.026435567 -0.446939498 -0.048577365 0.892853022
1311875594.341822 -0.390086174 0.050290544 -0.177313298 0.025085341 -0.444332749 -0.052231725 0.893985987
1311875594.373647 -0.390836239 0.049916010 -0.178974196 0.022756282 -0.440453380 -0.047184650 0.896245837
1311875594.409592 -0.391725123 0.051030058 -0.178190485 0.025719495 -0.438821495 -0.046186570 0.897017837
1311875594.441871 -0.391536474 0.049175452 -0.178758606 0.022396307 -0.435373992 -0.043166965 0.898935199
1311875594.473766 -0.394426882 0.052950487 -0.177784398 0.028359938 -0.432180166 -0.040813584 0.900416732
1311875594.509639 -0.395169139 0.050086807 -0.177850604 0.026016464 -0.428919762 -0.040664066 0.902051806
1311875594.542902 -0.394509792 0.049205974 -0.178051800 0.024963710 -0.425843269 -0.036656383 0.903709412
1311875594.574053 -0.391886055 0.052028105 -0.180003688 0.024691690 -0.422023296 -0.030765444 0.905726314
1311875594.609744 -0.392888010 0.050768428 -0.178335086 0.021681644 -0.417244762 -0.029969621 0.908041060
1311875594.642064 -0.397475630 0.051017467 -0.175250873 0.021673307 -0.410680741 -0.027961344 0.911092639
1311875594.673631 -0.399623036 0.051231183 -0.177330583 0.020450931 -0.402749360 -0.024947394 0.914741635
1311875594.709743 -0.403518409 0.051037606 -0.176902905 0.018637383 -0.395194590 -0.027322445 0.918001831
1311875594.742992 -0.403411478 0.050794680 -0.175532460 0.017329248 -0.392128348 -0.024236290 0.919427931
1311875594.773727 -0.402348608 0.052589267 -0.176613271 0.018089315 -0.387109280 -0.023200892 0.921564400
1311875594.809789 -0.402043939 0.051416706 -0.175785199 0.014727470 -0.381917059 -0.026042642 0.923712194
1311875594.841648 -0.403335124 0.048343465 -0.174587369 0.010606386 -0.376946986 -0.026259849 0.925801754
1311875594.873680 -0.403681785 0.052242216 -0.175289899 0.015887812 -0.370955527 -0.024482293 0.928191900
1311875594.909772 -0.402949482 0.054167960 -0.173812300 0.014054619 -0.368331403 -0.017496582 0.929423630
1311875594.941612 -0.400489599 0.053236198 -0.176107049 0.010918465 -0.363614142 -0.019425163 0.931283057
1311875594.973776 -0.398992449 0.056130867 -0.172952294 0.013662736 -0.363195062 -0.019081488 0.931417525
1311875595.009726 -0.396783054 0.054802138 -0.174627542 0.011216409 -0.358154416 -0.026760081 0.933211386
1311875595.041770 -0.397836685 0.054319214 -0.173941955 0.006562668 -0.354152024 -0.024619812 0.934840739
1311875595.073667 -0.402346075 0.054723661 -0.172054023 0.007066910 -0.347671419 -0.027499756 0.937186480
1311875595.109828 -0.399540067 0.057199124 -0.172709107 0.008381536 -0.344745725 -0.031936307 0.938115239
1311875595.141733 -0.402289271 0.057742346 -0.169411391 0.008761465 -0.341424942 -0.038552951 0.939077139
1311875595.174690 -0.403380841 0.057712924 -0.170595244 0.008345500 -0.338734061 -0.040011480 0.939993978
1311875595.209969 -0.396769851 0.058023460 -0.172915608 0.005975517 -0.340712160 -0.046070397 0.939019203
1311875595.241797 -0.391052365 0.054131132 -0.177205324 0.000026016 -0.339893252 -0.058594573 0.938636899
1311875595.273940 -0.391334206 0.051455319 -0.176742390 -0.003014620 -0.338442981 -0.064659797 0.938757896
1311875595.309728 -0.397564203 0.054095659 -0.174281746 -0.000647199 -0.338049620 -0.065817781 0.938823760
1311875595.341614 -0.403048992 0.056611255 -0.172144085 -0.006429006 -0.338690281 -0.058443237 0.939059079
1311875595.373620 -0.403317451 0.056563016 -0.172027200 -0.008894658 -0.340872824 -0.063448250 0.937923729
1311875595.409792 -0.404435277 0.055508446 -0.173107445 -0.014262855 -0.342703819 -0.066750340 0.936960518
1311875595.441769 -0.404438853 0.054070819 -0.174823880 -0.024422478 -0.347438663 -0.068725526 0.934861898
1311875595.473637 -0.413407683 0.055199515 -0.178044140 -0.035169344 -0.344962656 -0.066989668 0.935562015
1311875595.510674 -0.412981778 0.048648141 -0.177584201 -0.049640082 -0.351591021 -0.070221983 0.932195544
1311875595.543758 -0.408912182 0.050847985 -0.179047078 -0.053581171 -0.361877561 -0.068016045 0.928195834
1311875595.573619 -0.413859934 0.058109507 -0.171344861 -0.050172377 -0.371029735 -0.063925765 0.925058424
1311875595.609535 -0.417496204 0.056904137 -0.174168944 -0.051417634 -0.371162862 -0.065426424 0.924831688
1311875595.641681 -0.416515350 0.057231791 -0.177475363 -0.055136900 -0.373717338 -0.062298000 0.923804224
1311875595.673730 -0.419351220 0.059937678 -0.175594389 -0.055358630 -0.377413571 -0.063338965 0.922216117
1311875595.709576 -0.420758277 0.058551315 -0.178413689 -0.056908302 -0.378169805 -0.063324057 0.921812952
1311875595.741569 -0.421790838 0.057742104 -0.184030086 -0.060288049 -0.377549857 -0.065398119 0.921707392
1311875595.773579 -0.426012158 0.058321185 -0.185192615 -0.063563973 -0.378209352 -0.065109707 0.921237230
1311875595.809568 -0.427679479 0.059017017 -0.187682182 -0.063861609 -0.379679590 -0.065966062 0.920550704
1311875595.841613 -0.427941591 0.060597114 -0.189998761 -0.063005403 -0.383219421 -0.066472925 0.919105291
1311875595.873679 -0.430073023 0.060784705 -0.188126713 -0.062716402 -0.388506949 -0.066209354 0.916921616
1311875595.909579 -0.433969885 0.061322503 -0.186036915 -0.061921056 -0.394188404 -0.066245317 0.914545119
1311875595.941610 -0.433682501 0.061793160 -0.189092502 -0.060540695 -0.399032861 -0.070268512 0.912233472
1311875595.973591 -0.434668213 0.061464753 -0.187159538 -0.062085170 -0.404920071 -0.068843164 0.909640491
1311875596.009978 -0.434994847 0.062117554 -0.190745696 -0.060514756 -0.408244133 -0.069110669 0.908239186
1311875596.042079 -0.437020898 0.062687159 -0.192300215 -0.061584070 -0.410104334 -0.069054306 0.907333076
1311875596.075862 -0.438382000 0.062102903 -0.192124024 -0.064297758 -0.414171755 -0.067806609 0.905389309
1311875596.110253 -0.438377321 0.064121656 -0.195988908 -0.060760949 -0.415527642 -0.068516105 0.904958844
1311875596.141767 -0.439014763 0.063836738 -0.196292713 -0.064002410 -0.418332428 -0.067502066 0.903518200
1311875596.173639 -0.439863324 0.062641762 -0.195183054 -0.065307781 -0.422820717 -0.069168001 0.901206613
1311875596.209531 -0.442203879 0.064177237 -0.195595399 -0.065058157 -0.424469799 -0.069901042 0.900392473
1311875596.241540 -0.443827271 0.063055441 -0.196634918 -0.068628468 -0.426356018 -0.069394335 0.899274766
1311875596.273755 -0.443233788 0.062723719 -0.198721901 -0.069759712 -0.428769886 -0.069714442 0.898014367
1311875596.309548 -0.443745196 0.063248970 -0.199023277 -0.071173288 -0.431879699 -0.069320142 0.896442413
1311875596.341565 -0.445252180 0.065138049 -0.201315239 -0.071168773 -0.434023321 -0.068313524 0.895484269
1311875596.373573 -0.448123693 0.065625429 -0.203125969 -0.074876770 -0.434855282 -0.067922741 0.894807696
1311875596.409548 -0.451155633 0.064686641 -0.204335734 -0.079328768 -0.435290873 -0.068780288 0.894146562
1311875596.441518 -0.451891303 0.065510415 -0.203461736 -0.078215569 -0.438539445 -0.072686516 0.892346442
1311875596.473575 -0.452335477 0.065884367 -0.204859346 -0.076204374 -0.439447641 -0.074707069 0.891906679
1311875596.509558 -0.452055961 0.066644542 -0.207761273 -0.075571552 -0.441805363 -0.076129988 0.890674591
1311875596.541645 -0.453526437 0.066331089 -0.206939846 -0.080816343 -0.445513219 -0.070923723 0.888794959
1311875596.575663 -0.453627825 0.066589832 -0.208925322 -0.084653750 -0.447772861 -0.067988120 0.887530744
1311875596.609548 -0.455371559 0.066576920 -0.209781706 -0.086370520 -0.450697213 -0.069114871 0.885796428
1311875596.641478 -0.456283778 0.068422049 -0.210911438 -0.082451984 -0.453171611 -0.070558853 0.884792984
1311875596.673537 -0.457225084 0.067403793 -0.210827395 -0.083119787 -0.454711527 -0.071666420 0.883850932
1311875596.712612 -0.458542347 0.066657729 -0.211127073 -0.084255204 -0.456278652 -0.071726300 0.882930458
1311875596.741689 -0.459493756 0.067359090 -0.212563291 -0.083350852 -0.458714813 -0.073166847 0.881634831
1311875596.775239 -0.460470319 0.066477872 -0.211584494 -0.086367019 -0.464182109 -0.071992353 0.878574312
1311875596.809994 -0.461429179 0.067353703 -0.212913722 -0.085643172 -0.465809971 -0.074876107 0.877541959
1311875596.841648 -0.462335527 0.068148352 -0.212328881 -0.086062111 -0.468487740 -0.074680150 0.876091003
1311875596.875901 -0.464176834 0.067295372 -0.212902188 -0.087095372 -0.470004857 -0.075633131 0.875093997
1311875596.909874 -0.465817809 0.068467863 -0.213438988 -0.085125729 -0.472420871 -0.074194655 0.874109447
1311875596.941696 -0.466314614 0.070125438 -0.214367718 -0.083601862 -0.474231601 -0.075828165 0.873135269
1311875596.975492 -0.466058344 0.068867266 -0.215515092 -0.088354886 -0.476899922 -0.071622446 0.871567607
1311875597.009754 -0.468473941 0.068821661 -0.214560539 -0.090674907 -0.478743613 -0.071507633 0.870327115
1311875597.041786 -0.471468210 0.070146792 -0.214062423 -0.089476593 -0.478746593 -0.072777629 0.870344222
1311875597.075452 -0.473510176 0.069952905 -0.211510479 -0.090442799 -0.479549855 -0.073780321 0.869717479
1311875597.109519 -0.473380268 0.070749685 -0.214661002 -0.089870080 -0.477115363 -0.074853346 0.871023118
1311875597.141628 -0.475347698 0.070568614 -0.214084893 -0.093346626 -0.475634187 -0.073445626 0.871587157
1311875597.177574 -0.476907194 0.070325851 -0.215857923 -0.092400506 -0.474648178 -0.074789077 0.872111142
1311875597.209630 -0.478298157 0.071728870 -0.215242431 -0.091544032 -0.474688172 -0.076220796 0.872055709
1311875597.241635 -0.479094088 0.071298242 -0.214687437 -0.094555728 -0.475144088 -0.075987987 0.871506274
1311875597.273840 -0.481508613 0.070620060 -0.213124990 -0.094969980 -0.474075079 -0.079036020 0.871772230
1311875597.309518 -0.483456016 0.071867496 -0.214093164 -0.090867557 -0.472193271 -0.080467284 0.873098850
1311875597.342291 -0.483206391 0.070161805 -0.215603054 -0.090490229 -0.471516013 -0.081831723 0.873377204
1311875597.373618 -0.484858841 0.069113523 -0.215215832 -0.091482244 -0.470196217 -0.082311563 0.873940110
1311875597.409761 -0.486691296 0.068969138 -0.215654165 -0.094054028 -0.470180959 -0.080426164 0.873850882
1311875597.441792 -0.487067401 0.071253389 -0.217079163 -0.093907788 -0.471292228 -0.080315821 0.873277903
1311875597.479647 -0.488839149 0.070078261 -0.216568545 -0.098824047 -0.472593933 -0.080033973 0.872056961
1311875597.509725 -0.490715802 0.070415422 -0.216610536 -0.097929999 -0.473697662 -0.079335928 0.871622682
1311875597.541719 -0.492204845 0.071256369 -0.215932861 -0.096492089 -0.474129349 -0.080490120 0.871442497
1311875597.573750 -0.492052853 0.070297003 -0.216580242 -0.097665206 -0.474381268 -0.082116202 0.871022820
1311875597.609598 -0.494332016 0.070483044 -0.217802241 -0.096080601 -0.474055558 -0.082263283 0.871362507
1311875597.641723 -0.494981468 0.071320713 -0.217965737 -0.095901884 -0.473649055 -0.082628407 0.871568680
1311875597.676184 -0.497046679 0.071737066 -0.218049377 -0.097093321 -0.472580463 -0.085545979 0.871735334
1311875597.709574 -0.497267306 0.071012132 -0.216964960 -0.098610476 -0.473278135 -0.083842203 0.871351957
1311875597.741581 -0.498426259 0.073247537 -0.217750311 -0.095667027 -0.471728265 -0.087866157 0.872123718
1311875597.773494 -0.498439729 0.071238443 -0.219605312 -0.101545922 -0.469890982 -0.087122865 0.872525334
1311875597.809625 -0.500075936 0.071827129 -0.218531102 -0.100497812 -0.469560564 -0.087075897 0.872829199
1311875597.843660 -0.498411208 0.071667001 -0.222994283 -0.100739494 -0.465894163 -0.087157443 0.874755800
1311875597.875317 -0.500281572 0.070075624 -0.222417057 -0.105825506 -0.465189219 -0.085544847 0.874689639
1311875597.909537 -0.502447128 0.070797399 -0.220218003 -0.105904773 -0.466746122 -0.085572690 0.873847544
1311875597.943620 -0.505222440 0.072973311 -0.217900455 -0.106464177 -0.467487216 -0.084875196 0.873451352
1311875597.976424 -0.507295668 0.073087871 -0.216253251 -0.107372969 -0.467213243 -0.086008705 0.873375833
1311875598.009604 -0.507245779 0.072846912 -0.216030061 -0.105560504 -0.466873825 -0.087459445 0.873634160
1311875598.041596 -0.508061647 0.071322061 -0.216583207 -0.108473502 -0.465419114 -0.087194592 0.874079883
1311875598.074134 -0.509728253 0.072508156 -0.217605993 -0.107266702 -0.463842571 -0.087629713 0.875022829
1311875598.109594 -0.510841548 0.072081760 -0.219515964 -0.108933315 -0.462506086 -0.087204963 0.875566661
1311875598.141695 -0.512011766 0.074170388 -0.218360841 -0.108380787 -0.461558044 -0.087168775 0.876138926
1311875598.175934 -0.513564587 0.075819142 -0.218447357 -0.106490858 -0.458878726 -0.089085288 0.877584040
1311875598.209436 -0.513879955 0.074571550 -0.220821261 -0.106416695 -0.455898643 -0.090737425 0.878975868
1311875598.243615 -0.514271855 0.073415697 -0.221807599 -0.108853631 -0.453735322 -0.091079935 0.879761100
1311875598.274762 -0.515686214 0.073950827 -0.222286299 -0.108797938 -0.451549053 -0.090618081 0.880939722
1311875598.309458 -0.516727924 0.075265415 -0.223171443 -0.106700927 -0.448678076 -0.090520144 0.882671475
1311875598.343652 -0.517419755 0.073861979 -0.222665668 -0.108101055 -0.446119398 -0.089645959 0.883886456
1311875598.374851 -0.519096196 0.075383693 -0.222046003 -0.107219607 -0.443139076 -0.087937325 0.885662854
1311875598.409549 -0.519668102 0.075230971 -0.223173067 -0.109957144 -0.438159436 -0.084752493 0.888111889
1311875598.444039 -0.521442294 0.075807691 -0.223350734 -0.112986617 -0.433719695 -0.082483687 0.890122294
1311875598.475814 -0.523128986 0.076523870 -0.224737629 -0.111869045 -0.430167854 -0.082412198 0.891991675
1311875598.509526 -0.523772240 0.075417496 -0.221328437 -0.114583030 -0.429959357 -0.079392716 0.892021537
1311875598.543317 -0.526274323 0.075615004 -0.221158206 -0.114937373 -0.426701605 -0.077224173 0.893729031
1311875598.575972 -0.526126504 0.075462788 -0.224423498 -0.111116044 -0.423231095 -0.078251719 0.895770788
1311875598.609607 -0.527787983 0.075891368 -0.225030050 -0.110101685 -0.421000600 -0.076668791 0.897083044
1311875598.643799 -0.527394295 0.074316427 -0.227871507 -0.111005381 -0.418071896 -0.075824171 0.898412168
1311875598.675673 -0.528037190 0.074366204 -0.228495926 -0.110611722 -0.416677028 -0.074011035 0.899259508
1311875598.709616 -0.527685344 0.074003428 -0.228458256 -0.110258959 -0.416108131 -0.072471656 0.899691582
1311875598.744073 -0.528917491 0.074446060 -0.228622690 -0.111098282 -0.413678139 -0.070856072 0.900836825
1311875598.775379 -0.530299246 0.073859051 -0.229274109 -0.110014655 -0.411262572 -0.071816117 0.901999056
1311875598.809766 -0.531315446 0.075097032 -0.230615839 -0.106912293 -0.408238053 -0.073418051 0.903615654
1311875598.842619 -0.532008469 0.075856492 -0.231502131 -0.108606473 -0.405475885 -0.073688745 0.904634655
1311875598.875928 -0.534188271 0.076122247 -0.230435297 -0.110099107 -0.402266800 -0.071934842 0.906027019
1311875598.909410 -0.535316229 0.076998979 -0.230499998 -0.108520523 -0.398391098 -0.071245410 0.907982349
1311875598.941399 -0.534742832 0.076230787 -0.233181745 -0.108351350 -0.393228292 -0.073589161 0.910063803
1311875598.975997 -0.536202133 0.075930253 -0.234116554 -0.111608960 -0.390628010 -0.074594118 0.910707891
1311875599.009594 -0.537093997 0.076030001 -0.235112518 -0.112412237 -0.388523072 -0.077525482 0.911264598
1311875599.041412 -0.537699819 0.076152742 -0.234654054 -0.113866292 -0.386982560 -0.078852996 0.911625564
1311875599.076024 -0.539145410 0.076205283 -0.234223828 -0.114598423 -0.385452062 -0.080625609 0.912027121
1311875599.111792 -0.538353682 0.076334290 -0.236358747 -0.115989715 -0.382057607 -0.084109962 0.912964344
1311875599.141472 -0.541364133 0.077793337 -0.236706659 -0.119509310 -0.377997696 -0.086297415 0.913995624
1311875599.173487 -0.541767001 0.079825424 -0.236354262 -0.119897909 -0.377369225 -0.087866753 0.914054930
1311875599.211855 -0.543415844 0.080920666 -0.237212181 -0.124091662 -0.371834844 -0.091538891 0.915401936
1311875599.241868 -0.545795679 0.080428943 -0.239155456 -0.131409809 -0.366594195 -0.091693431 0.916478336
1311875599.273455 -0.545500696 0.081009962 -0.239533797 -0.135367915 -0.365466177 -0.095932335 0.915918648
1311875599.316412 -0.545247018 0.080755442 -0.240088105 -0.140549079 -0.362748742 -0.099880636 0.915796459
1311875599.344711 -0.547829211 0.080950603 -0.240563199 -0.145239964 -0.358716875 -0.104198545 0.916171491
1311875599.376648 -0.548544347 0.080939949 -0.240736440 -0.146781191 -0.357833564 -0.107377909 0.915904164
1311875599.412396 -0.549651980 0.083285801 -0.238082826 -0.147134200 -0.356490314 -0.108907230 0.916190684
1311875599.442003 -0.549736977 0.084820762 -0.236967161 -0.153956831 -0.355564773 -0.107533738 0.915591359
1311875599.476951 -0.551395416 0.085447982 -0.238196716 -0.154132843 -0.352414459 -0.114743225 0.915904522
1311875599.512494 -0.555780113 0.083360404 -0.237550452 -0.159805492 -0.348411739 -0.113379695 0.916633248
1311875599.543609 -0.554969847 0.083839193 -0.239849761 -0.163070008 -0.345884204 -0.113985971 0.916940272
1311875599.577043 -0.555821538 0.085534036 -0.240459755 -0.165248886 -0.343051404 -0.114801683 0.917512476
1311875599.614998 -0.556611955 0.086327180 -0.239031583 -0.168568477 -0.341434181 -0.114790000 0.917513311
1311875599.644615 -0.557571888 0.086895235 -0.238898307 -0.172880560 -0.336969286 -0.111365445 0.918782771
1311875599.675044 -0.558078766 0.086061001 -0.239601955 -0.177226245 -0.334047049 -0.115398951 0.918524086
1311875599.712732 -0.559725404 0.085507415 -0.238668337 -0.182768852 -0.329941571 -0.117524363 0.918652356
1311875599.744921 -0.559608698 0.086058684 -0.239172429 -0.182390839 -0.325104564 -0.116750851 0.920548677
1311875599.776939 -0.559010744 0.084932029 -0.239639610 -0.187203974 -0.321184516 -0.111856692 0.921565652
1311875599.812097 -0.562215567 0.084458068 -0.241436467 -0.195178628 -0.312672228 -0.110732250 0.922973335
1311875599.842616 -0.564447284 0.084050067 -0.242544621 -0.199834406 -0.306542635 -0.105736762 0.924617529
1311875599.876853 -0.564227343 0.085665539 -0.244540825 -0.199528143 -0.303555310 -0.106740959 0.925553381
1311875599.912674 -0.565662622 0.085662276 -0.243796408 -0.206643045 -0.297985405 -0.107328825 0.925734222
1311875599.942687 -0.565387785 0.084951997 -0.242076695 -0.212026298 -0.295725435 -0.105489589 0.925453007
1311875599.977058 -0.566443205 0.084109798 -0.243019432 -0.217527330 -0.291331947 -0.105378412 0.925582469
1311875600.009621 -0.568603218 0.086900756 -0.242613897 -0.220230103 -0.287402809 -0.104752272 0.926242590
1311875600.042711 -0.569109499 0.086972982 -0.242428809 -0.224713460 -0.284854621 -0.104854345 0.925941288
1311875600.073666 -0.569000363 0.085783899 -0.242716223 -0.227728814 -0.283834517 -0.107225582 0.925246060
1311875600.113185 -0.569019616 0.087945662 -0.244907916 -0.228650421 -0.281997085 -0.107799113 0.925513923
1311875600.141770 -0.569130778 0.089090884 -0.243731290 -0.233568221 -0.284056991 -0.108514383 0.923570275
1311875600.177459 -0.571085334 0.089763686 -0.245260000 -0.235485867 -0.281723529 -0.112589836 0.923310220
1311875600.209718 -0.572429001 0.089920446 -0.246328324 -0.237967819 -0.281580985 -0.117786571 0.922068179
1311875600.244353 -0.575553417 0.088362969 -0.246973813 -0.241512865 -0.280814886 -0.126846284 0.920176327
1311875600.273573 -0.575720787 0.087236576 -0.245636135 -0.246258497 -0.283124000 -0.129232168 0.917876124
1311875600.309978 -0.577105582 0.085965857 -0.245428234 -0.250209302 -0.283086568 -0.133587167 0.916194141
1311875600.344146 -0.576018274 0.083904132 -0.247535884 -0.252148837 -0.283995777 -0.138676271 0.914623559
1311875600.373729 -0.576197982 0.086252891 -0.246147409 -0.252687335 -0.287214458 -0.134640023 0.914072752
1311875600.412254 -0.576911747 0.089447677 -0.247392729 -0.252070725 -0.286222011 -0.131508544 0.915009737
1311875600.441558 -0.581125438 0.087605394 -0.247789741 -0.257137835 -0.282157540 -0.136749595 0.914093435
1311875600.473643 -0.580912650 0.088530555 -0.249472484 -0.257047981 -0.283513129 -0.136385724 0.913753569
1311875600.511914 -0.581600904 0.089606501 -0.249777541 -0.256633282 -0.283155650 -0.139177635 0.913559973
1311875600.544636 -0.582380295 0.088873029 -0.250276834 -0.256982982 -0.283163786 -0.137629837 0.913693666
1311875600.573546 -0.583433986 0.089575112 -0.251184255 -0.254808217 -0.282961041 -0.138039351 0.914303541
1311875600.611063 -0.583562553 0.088523254 -0.251205295 -0.255998343 -0.285176426 -0.140608147 0.912890255
1311875600.642781 -0.585946918 0.090770237 -0.251610637 -0.254101038 -0.284260452 -0.137588829 0.914165199
1311875600.673637 -0.588773131 0.089554332 -0.252865970 -0.254505247 -0.281573713 -0.140511855 0.914439559
1311875600.710347 -0.589331686 0.089786746 -0.254186630 -0.252074569 -0.280664176 -0.138191327 0.915745139
1311875600.744172 -0.590702951 0.089281626 -0.255802631 -0.251273096 -0.280556530 -0.135185391 0.916446805
1311875600.773564 -0.591639519 0.089487016 -0.256142497 -0.252514511 -0.280992895 -0.131728590 0.916475296
1311875600.810251 -0.593263745 0.089485958 -0.258882642 -0.253047466 -0.278111517 -0.126328692 0.917966247
1311875600.842513 -0.596253216 0.091171198 -0.258048683 -0.252477884 -0.276915252 -0.121339701 0.919156969
1311875600.873475 -0.596843719 0.091311537 -0.260185540 -0.253026754 -0.276376218 -0.122247741 0.919047952
1311875600.910363 -0.597484827 0.093312658 -0.262666911 -0.251151860 -0.274929911 -0.124188006 0.919735610
1311875600.942087 -0.597141325 0.088933103 -0.262126118 -0.257112980 -0.280043721 -0.124746837 0.916464210
1311875600.973650 -0.598835468 0.091930859 -0.263246179 -0.253217429 -0.281677425 -0.121809103 0.917442799
1311875601.009671 -0.600476027 0.092452079 -0.263242304 -0.255705595 -0.285108805 -0.121352158 0.915751755
1311875601.042803 -0.595741808 0.091728017 -0.267723083 -0.251747966 -0.295852572 -0.123523951 0.913146257
1311875601.073462 -0.600277662 0.092439413 -0.267932236 -0.249319002 -0.297452629 -0.122830108 0.913386405
1311875601.121302 -0.606654704 0.093780637 -0.270443588 -0.248550117 -0.297193497 -0.128604099 0.912885487
1311875601.143265 -0.607363343 0.095722631 -0.269782633 -0.250044465 -0.302846432 -0.128158107 0.910679579
1311875601.173492 -0.608263195 0.093003929 -0.270548046 -0.252203554 -0.306684852 -0.126227975 0.909067810
1311875601.210877 -0.612986922 0.093673997 -0.271177769 -0.247587457 -0.308763415 -0.130657166 0.909007311
1311875601.241723 -0.612283111 0.094401911 -0.275126219 -0.245193452 -0.313875705 -0.128895670 0.908156455
1311875601.273677 -0.611546516 0.092629999 -0.274357021 -0.244048595 -0.322009623 -0.127745375 0.905776560
1311875601.311120 -0.615473390 0.094680086 -0.275293469 -0.238047853 -0.325530976 -0.124620296 0.906549811
1311875601.341907 -0.616828680 0.094485253 -0.275904119 -0.237543523 -0.329895645 -0.123637676 0.905237913
1311875601.373598 -0.617516398 0.094109133 -0.278447092 -0.233469635 -0.334187269 -0.124808736 0.904562652
1311875601.410436 -0.618368447 0.094824165 -0.280901074 -0.227588207 -0.337543309 -0.125803754 0.904677570
1311875601.441758 -0.620074570 0.095421046 -0.280101061 -0.226313829 -0.341643989 -0.125005230 0.903567970
1311875601.473563 -0.621078134 0.093184456 -0.280014396 -0.227563530 -0.346552521 -0.125625268 0.901296020
1311875601.510580 -0.621839821 0.093364924 -0.281427741 -0.224018753 -0.350068480 -0.128122926 0.900473297
1311875601.541592 -0.625346482 0.093895920 -0.281687081 -0.220538348 -0.350642353 -0.130674258 0.900742471
1311875601.573464 -0.624796569 0.094017416 -0.284443617 -0.214971960 -0.355953395 -0.134811565 0.899394274
1311875601.611140 -0.626606226 0.093916759 -0.285087407 -0.214693815 -0.356831282 -0.136244774 0.898896754
1311875601.641449 -0.628721714 0.092361845 -0.285125434 -0.215924978 -0.359167188 -0.137395814 0.897495270
1311875601.673574 -0.629092991 0.094853260 -0.284942150 -0.208100617 -0.366715461 -0.138612419 0.896102905
1311875601.710087 -0.630623639 0.095980383 -0.286098480 -0.202986449 -0.371000886 -0.140329883 0.895244300
1311875601.741484 -0.631776869 0.094694354 -0.286029994 -0.203242138 -0.376132131 -0.140999287 0.892936945
1311875601.773539 -0.634132981 0.093654737 -0.286525428 -0.201817974 -0.381724447 -0.140524209 0.890959501
1311875601.811991 -0.634357154 0.092965767 -0.287752509 -0.199563712 -0.390037954 -0.140804797 0.887816846
1311875601.841517 -0.635946095 0.093551442 -0.287993133 -0.199843794 -0.396682233 -0.139581442 0.884998679
1311875601.873450 -0.637915194 0.093489140 -0.288661599 -0.198533669 -0.406203777 -0.140442967 0.880828381
1311875601.911804 -0.638376296 0.093610570 -0.289811254 -0.197879523 -0.414837778 -0.139577881 0.877081156
1311875601.941615 -0.639434099 0.091836296 -0.291360140 -0.196942255 -0.423105150 -0.138045445 0.873578370
1311875601.973488 -0.639747739 0.092487089 -0.289142072 -0.197063878 -0.436295211 -0.131413504 0.868068457
1311875602.009362 -0.642634034 0.093425088 -0.289880514 -0.199535027 -0.444298208 -0.129032686 0.863791347
1311875602.041460 -0.643231988 0.092421442 -0.290835977 -0.205170199 -0.457265377 -0.121910825 0.856709599
1311875602.073453 -0.645043254 0.093409054 -0.291266918 -0.209563926 -0.469286472 -0.119765066 0.849417150
1311875602.109576 -0.647594392 0.095655680 -0.288094580 -0.208131209 -0.481209546 -0.116358526 0.843551695
1311875602.141575 -0.649163246 0.094903216 -0.286304176 -0.209025070 -0.489487350 -0.109544963 0.839470387
1311875602.173700 -0.651253343 0.096196942 -0.284888119 -0.203433111 -0.496156663 -0.108954825 0.837002039
1311875602.210908 -0.653958857 0.096379608 -0.283607066 -0.198185682 -0.501970053 -0.107447810 0.834987104
1311875602.241522 -0.652186036 0.098516755 -0.286362827 -0.186636880 -0.506165862 -0.108405083 0.834991693
1311875602.273512 -0.654267073 0.101898015 -0.286086053 -0.179472387 -0.508852065 -0.107251145 0.835078716
1311875602.311813 -0.658966184 0.099103950 -0.280084670 -0.181081191 -0.515665054 -0.102753676 0.831108212
1311875602.341442 -0.658719242 0.097727098 -0.290657580 -0.173234746 -0.514504850 -0.102137432 0.833572090
1311875602.373468 -0.660966873 0.095850825 -0.290692091 -0.171079725 -0.517837048 -0.100243032 0.832182586
1311875602.411097 -0.660002708 0.093044505 -0.293153048 -0.168953612 -0.523771107 -0.096972555 0.829285681
1311875602.441582 -0.661244512 0.098125912 -0.291214883 -0.163023010 -0.530132294 -0.094102249 0.826757550
1311875602.473475 -0.662501335 0.097962916 -0.292018533 -0.163321078 -0.532069147 -0.092646442 0.825618148
1311875602.512753 -0.666469693 0.097133443 -0.288089037 -0.159825891 -0.538769245 -0.089714818 0.822274029
1311875602.541757 -0.665600002 0.094736814 -0.289462537 -0.158054173 -0.543820918 -0.088359155 0.819432914
1311875602.573470 -0.666696191 0.095394053 -0.291567624 -0.152829930 -0.547780156 -0.092302337 0.817349494
1311875602.612198 -0.669260204 0.096439689 -0.292723835 -0.144617900 -0.554376483 -0.094821684 0.814101458
1311875602.641509 -0.667109609 0.096720159 -0.295311481 -0.139269620 -0.561673403 -0.095843494 0.809901834
1311875602.673576 -0.666239619 0.097783670 -0.297038227 -0.140531704 -0.568165660 -0.095087789 0.805230975
1311875602.710475 -0.666458488 0.094122626 -0.297887564 -0.144490600 -0.575755358 -0.094733007 0.799158275
1311875602.741490 -0.667787433 0.095339037 -0.297047853 -0.140431523 -0.584223628 -0.095075071 0.793676555
1311875602.773578 -0.665583313 0.094004631 -0.302201867 -0.138723210 -0.588883638 -0.098336123 0.790127814
1311875602.809531 -0.667247891 0.092898846 -0.299912006 -0.142945379 -0.597042918 -0.093529142 0.783810377
1311875602.841535 -0.672029436 0.089715257 -0.295482993 -0.139668033 -0.606782556 -0.091491483 0.777133882
1311875602.873537 -0.668535471 0.089185521 -0.301093847 -0.134247154 -0.610669136 -0.089481845 0.775276661
1311875602.909552 -0.672948718 0.092142887 -0.301338702 -0.125725538 -0.616784751 -0.087385610 0.772096753
1311875602.941461 -0.671863139 0.092845559 -0.300844729 -0.122337207 -0.622987688 -0.081071340 0.768340647
1311875602.973591 -0.669927537 0.090633012 -0.306608438 -0.118491992 -0.627016902 -0.079511754 0.765824616
1311875603.009616 -0.670174599 0.094255902 -0.303498566 -0.115210555 -0.636101604 -0.074624151 0.759297371
1311875603.041562 -0.671121359 0.092488177 -0.302163064 -0.115875259 -0.642203569 -0.070652418 0.754424095
1311875603.073561 -0.674376309 0.092703938 -0.302558541 -0.115568943 -0.648276687 -0.067334868 0.749564707
1311875603.109627 -0.674423873 0.091742508 -0.305888772 -0.114878803 -0.652922332 -0.065378144 0.745802224
1311875603.141505 -0.675797820 0.092852525 -0.307361066 -0.111185484 -0.659187853 -0.063744247 0.740976274
1311875603.173622 -0.674054861 0.092211261 -0.305408299 -0.110743463 -0.665812552 -0.059277769 0.735469639
1311875603.209542 -0.678912342 0.095505029 -0.304696083 -0.107425719 -0.670168102 -0.060956046 0.731859803
1311875603.241558 -0.686171651 0.090781428 -0.300920337 -0.105120011 -0.675980985 -0.060107257 0.726902068
1311875603.273537 -0.682991922 0.089253962 -0.298387289 -0.099558681 -0.681953132 -0.058278982 0.722240686
1311875603.309528 -0.686491549 0.093245164 -0.309152663 -0.095590249 -0.682665646 -0.054706447 0.722383082
1311875603.341472 -0.691092014 0.095516190 -0.308477163 -0.092395812 -0.686465979 -0.051048778 0.719459176
1311875603.378621 -0.690001786 0.090301178 -0.309268117 -0.089839973 -0.689404428 -0.049921915 0.717048168
1311875603.409580 -0.694416821 0.093240760 -0.307005525 -0.088735186 -0.693742454 -0.045155577 0.713308096
1311875603.441469 -0.696371615 0.094519734 -0.308246493 -0.085796304 -0.697763503 -0.041128978 0.709981322
1311875603.478626 -0.694927990 0.092774309 -0.308395147 -0.084407732 -0.700691700 -0.037373327 0.707467079
1311875603.509529 -0.697361112 0.093017071 -0.309674799 -0.078145020 -0.704352200 -0.035381123 0.704648495
1311875603.541614 -0.694059253 0.090871252 -0.313535899 -0.074860699 -0.707109451 -0.031285893 0.702433825
1311875603.578487 -0.688963294 0.088860124 -0.317417383 -0.071530759 -0.709541976 -0.031658627 0.700307906
1311875603.609550 -0.696282983 0.091071099 -0.317243755 -0.069623008 -0.714071155 -0.028567696 0.696016431
1311875603.641497 -0.696944237 0.090030007 -0.317025602 -0.069150828 -0.719129741 -0.024137961 0.691004992
1311875603.678452 -0.698335588 0.092273362 -0.314986467 -0.064857662 -0.723964870 -0.022996087 0.686396062
1311875603.709540 -0.697535217 0.087450244 -0.315406352 -0.066451699 -0.727012098 -0.022011261 0.683046877
1311875603.741529 -0.700505853 0.092459582 -0.316290408 -0.062054448 -0.731315076 -0.018828601 0.678949893
1311875603.778599 -0.702396512 0.093711719 -0.316449344 -0.060054947 -0.736065507 -0.017681064 0.674009144
1311875603.809499 -0.706859648 0.090280004 -0.322629035 -0.058112446 -0.738820970 -0.020059675 0.671091735
1311875603.841674 -0.709798336 0.090072662 -0.325449884 -0.058167987 -0.742131948 -0.019743856 0.667432964
1311875603.877906 -0.707681060 0.090372987 -0.320933521 -0.055256151 -0.748305559 -0.019315729 0.660766542
1311875603.909548 -0.708650708 0.093270525 -0.320959568 -0.052783940 -0.751791000 -0.018353920 0.657029152
1311875603.941615 -0.706303239 0.092393413 -0.323958099 -0.054481119 -0.754828393 -0.016574163 0.653445661
1311875603.977560 -0.712721407 0.093208887 -0.317634583 -0.050696671 -0.760595024 -0.017204776 0.647015512
1311875604.009555 -0.706083119 0.087920271 -0.316596210 -0.052311048 -0.763662338 -0.017463496 0.643256128
1311875604.041533 -0.704034925 0.080820143 -0.318359852 -0.052132629 -0.767300844 -0.017716099 0.638919175
1311875604.077357 -0.708899319 0.086619020 -0.324514449 -0.051124740 -0.769308567 -0.015369723 0.636642992
1311875604.109371 -0.704465270 0.081386760 -0.316032827 -0.052585062 -0.774356604 -0.016770877 0.630337596
1311875604.141612 -0.699854791 0.096531093 -0.308842003 -0.047839627 -0.780594230 -0.009975564 0.623124778
1311875604.177442 -0.709790528 0.094385922 -0.314761162 -0.051563643 -0.781120241 -0.011672740 0.622138321
1311875604.209572 -0.712423682 0.083249673 -0.311817884 -0.049560219 -0.784541190 -0.016816100 0.617864192
1311875604.241483 -0.714881539 0.088188231 -0.297516048 -0.050018769 -0.791360795 -0.011134694 0.609198034
1311875604.277414 -0.718139291 0.087993361 -0.318829864 -0.049128331 -0.789045751 -0.011790031 0.612253308
1311875604.309417 -0.721599221 0.090658285 -0.329089731 -0.043376312 -0.790446401 -0.007741256 0.610944331
1311875604.341402 -0.723362505 0.097728983 -0.330475330 -0.039248042 -0.793855250 -0.003948296 0.606826067
1311875604.377490 -0.724778354 0.098394290 -0.330258489 -0.038494896 -0.797057271 -0.001010054 0.602674663
1311875604.409436 -0.721410275 0.100301743 -0.317101061 -0.034709446 -0.804548621 0.003310736 0.592862368
1311875604.441384 -0.714409411 0.096398741 -0.318010628 -0.035100438 -0.807428837 0.004173254 0.588905096
1311875604.477503 -0.719600558 0.100344911 -0.322440982 -0.034719422 -0.808986783 0.007082376 0.586757839
1311875604.509367 -0.724725246 0.102758408 -0.318371713 -0.029690690 -0.812604010 0.011253224 0.581950784
1311875604.541578 -0.725966990 0.091327086 -0.323464572 -0.026923764 -0.813636065 0.009137161 0.580678880
1311875604.577489 -0.729276478 0.095434949 -0.324601024 -0.021947132 -0.815255702 0.010409139 0.578591526
1311875604.609389 -0.728513181 0.094009213 -0.323853731 -0.017656114 -0.817543030 0.013296003 0.575443268
1311875604.641504 -0.722056508 0.092887968 -0.323389560 -0.015866457 -0.818835318 0.017483776 0.573542655
1311875604.677466 -0.726472080 0.101105675 -0.317598611 -0.013426078 -0.821756363 0.019799348 0.569336653
1311875604.709378 -0.729854226 0.077893272 -0.337662965 -0.014933893 -0.818678260 0.016194697 0.573829830
1311875604.741547 -0.725209534 0.077655986 -0.314541817 -0.008193819 -0.825605214 0.017754724 0.563909233
1311875604.777225 -0.718283653 0.094109684 -0.313141912 -0.004113455 -0.826365829 0.025923243 0.562521636
1311875604.809491 -0.732823968 0.087731756 -0.329164803 -0.002049437 -0.823555231 0.027901664 0.566545665
1311875604.841553 -0.738810122 0.084442750 -0.335796624 -0.000276917 -0.822486401 0.031211184 0.567927718
1311875604.877509 -0.738856435 0.092860743 -0.328413397 0.002385693 -0.824791968 0.034783151 0.564360380
1311875604.909384 -0.744482517 0.087386094 -0.337526053 0.002331787 -0.822731376 0.036785562 0.567234039
1311875604.941475 -0.748458147 0.083698198 -0.333593696 0.003440763 -0.823967576 0.039177515 0.565270543
1311875604.977472 -0.741455555 0.085338339 -0.327218950 0.002882835 -0.825014412 0.041341223 0.563590109
1311875605.009593 -0.743974268 0.082587853 -0.327898681 0.005115858 -0.825367153 0.042306326 0.562985897
1311875605.041536 -0.742083967 0.078001417 -0.337588698 0.007786038 -0.822406054 0.042855732 0.567230940
1311875605.077441 -0.745326102 0.094431363 -0.334727705 0.013616732 -0.822298169 0.049820848 0.566708326
1311875605.109561 -0.751199067 0.085282907 -0.341844559 0.011367397 -0.819585919 0.050051406 0.570652723
1311875605.141502 -0.745973170 0.082791373 -0.334451109 0.010834564 -0.820577502 0.051763132 0.569083214
1311875605.177477 -0.744523168 0.090722822 -0.337042570 0.015341884 -0.818933487 0.054980572 0.571042597
1311875605.209365 -0.749851942 0.088004276 -0.330544412 0.013541350 -0.818669260 0.057003617 0.571268618
1311875605.241517 -0.749742448 0.089526147 -0.330351710 0.015611334 -0.817083299 0.060708698 0.573101759
1311875605.277542 -0.741764247 0.087923467 -0.325503200 0.015329439 -0.816027284 0.064532533 0.574195147
1311875605.309464 -0.738865256 0.085802533 -0.330033898 0.013624101 -0.812016666 0.067279547 0.579583228
1311875605.341566 -0.749547482 0.080763958 -0.337667972 0.014133118 -0.807214856 0.066517256 0.586327434
1311875605.377522 -0.750341654 0.077020206 -0.339930654 0.013345407 -0.803574085 0.068825401 0.591061473
1311875605.409536 -0.750828624 0.089286394 -0.331989288 0.015639376 -0.803179502 0.074581586 0.590843201
1311875605.441520 -0.753869712 0.088164985 -0.333735466 0.018141665 -0.801511645 0.073933430 0.593113661
1311875605.477500 -0.749980032 0.090479068 -0.329187721 0.020874597 -0.800641239 0.075117566 0.594049931
1311875605.509369 -0.753680766 0.087899350 -0.332023323 0.020026010 -0.797528982 0.074899234 0.598278046
1311875605.541512 -0.756974518 0.087172903 -0.324725628 0.021197358 -0.797987163 0.074400969 0.597688556
1311875605.577434 -0.756996095 0.085950904 -0.329039454 0.023099231 -0.794886589 0.074358486 0.601741374
1311875605.609466 -0.749931395 0.086744577 -0.322720200 0.022025783 -0.794197559 0.073080607 0.602846801
1311875605.641371 -0.752233803 0.087850727 -0.320706099 0.023881920 -0.791757226 0.073103853 0.605975211
1311875605.677614 -0.752005935 0.081234835 -0.323865294 0.025525466 -0.788251102 0.073421940 0.610424340
1311875605.709465 -0.750983596 0.085812330 -0.322168171 0.027243374 -0.784390092 0.072163388 0.615453005
1311875605.741457 -0.755048335 0.083130114 -0.322811007 0.027267301 -0.779847383 0.068761267 0.621583760
1311875605.777428 -0.756034493 0.090083264 -0.325499594 0.031208271 -0.775232911 0.071690641 0.626817703
1311875605.809396 -0.759826422 0.088822126 -0.329773188 0.031191485 -0.770765066 0.067240372 0.632793069
1311875605.841549 -0.762561321 0.087200165 -0.326751053 0.027731029 -0.767069757 0.060236711 0.638127327
1311875605.877517 -0.768776178 0.079991437 -0.330709517 0.031217769 -0.762182832 0.055762827 0.644199789
1311875605.909456 -0.755304217 0.086427309 -0.319717377 0.034247484 -0.762031555 0.054361612 0.644344449
1311875605.941536 -0.754909694 0.097749390 -0.315494567 0.035200827 -0.758924186 0.052967247 0.648065925
1311875605.977476 -0.761576533 0.089425787 -0.329993576 0.034863129 -0.750588715 0.048141778 0.658090770
1311875606.009449 -0.762665153 0.086856678 -0.325140387 0.034989785 -0.748385966 0.046356037 0.660715699
1311875606.041502 -0.765113115 0.093407571 -0.323197663 0.035597548 -0.745535254 0.046274830 0.663904071
1311875606.077507 -0.765540540 0.100722715 -0.323996842 0.038481310 -0.742151141 0.048980787 0.667331815
1311875606.109364 -0.765489340 0.094207063 -0.322566122 0.036834344 -0.739444911 0.046261992 0.670614898
1311875606.141514 -0.770803034 0.091505885 -0.331042767 0.033293169 -0.734233141 0.044712137 0.676604807
1311875606.177411 -0.770284057 0.086556643 -0.330456138 0.032920949 -0.730970979 0.041149922 0.680370748
1311875606.209377 -0.767385185 0.087381348 -0.330693990 0.028246075 -0.727735341 0.041873951 0.683995605
1311875606.241359 -0.767430842 0.100639604 -0.319478184 0.027670620 -0.727716088 0.043916617 0.683911502
1311875606.277352 -0.769650102 0.102443695 -0.315725714 0.024670793 -0.724725664 0.041964576 0.687315822
1311875606.309305 -0.772879004 0.100080766 -0.319102228 0.025064047 -0.718478799 0.036975570 0.694112957
1311875606.341383 -0.775376022 0.083386928 -0.328217834 0.023168460 -0.710102260 0.025991168 0.703237176
1311875606.377687 -0.775565624 0.080444030 -0.327784538 0.023999980 -0.705377460 0.020822410 0.708119333
1311875606.409364 -0.771651864 0.087938502 -0.325258195 0.027845636 -0.702446043 0.021892181 0.710855067
1311875606.441327 -0.772813380 0.084594250 -0.330593467 0.027825113 -0.696512640 0.018018706 0.716778398
1311875606.477438 -0.777043283 0.086918391 -0.330503106 0.028396789 -0.692140639 0.017253011 0.720997453
1311875606.509331 -0.775271297 0.084650367 -0.328469276 0.028002104 -0.688208640 0.016366776 0.724787474
1311875606.541366 -0.765036702 0.081702337 -0.321947813 0.025368171 -0.685754240 0.011515898 0.727299750
1311875606.577317 -0.777514875 0.086581819 -0.320878029 0.027066709 -0.680941463 0.008468339 0.731788456
1311875606.609483 -0.776858866 0.086567923 -0.317138344 0.027162891 -0.676328838 0.005014012 0.736081719
1311875606.641377 -0.780123651 0.083085686 -0.324352831 0.029568387 -0.668946266 -0.002805928 0.742717147
1311875606.677409 -0.779116929 0.086783290 -0.322794348 0.030464815 -0.664283872 -0.003688985 0.746850193
1311875606.709482 -0.783209264 0.086505786 -0.326813132 0.030690804 -0.657917976 -0.008179625 0.752419472
1311875606.741472 -0.786972106 0.083627246 -0.322931528 0.031753637 -0.654946148 -0.011919949 0.754913986
1311875606.777412 -0.788183153 0.087715395 -0.321569711 0.032001905 -0.650096178 -0.010932449 0.759099007
1311875606.809371 -0.793243647 0.085751563 -0.321125567 0.028710118 -0.644961655 -0.015097046 0.763526201
1311875606.841411 -0.791703761 0.091785237 -0.317356557 0.030166911 -0.641419828 -0.013938995 0.766469955
1311875606.877267 -0.795814157 0.090466373 -0.315425605 0.026800305 -0.637287736 -0.017061984 0.769970715
1311875606.909611 -0.794560552 0.089263111 -0.320236325 0.027404580 -0.630967677 -0.022171309 0.775007844
1311875606.941556 -0.789238214 0.093599007 -0.309575617 0.024559477 -0.628878951 -0.021826800 0.776808619
1311875606.977386 -0.791146517 0.100523725 -0.307381094 0.022153605 -0.624727488 -0.020265067 0.780265450
1311875607.009435 -0.788920045 0.105908327 -0.303346097 0.022385772 -0.620966852 -0.022243693 0.783201277
1311875607.041581 -0.790127814 0.091283336 -0.311385661 0.015202902 -0.612553239 -0.031319775 0.789662242
1311875607.077401 -0.791132092 0.094619341 -0.316142380 0.016136810 -0.605535269 -0.032676920 0.794983566
1311875607.109368 -0.792868257 0.093366660 -0.310668349 0.011627413 -0.602866769 -0.032979678 0.797075152
1311875607.141587 -0.797898889 0.087930955 -0.313380599 0.011759023 -0.596922100 -0.039425269 0.801243603
1311875607.177447 -0.799960017 0.080515034 -0.325299919 0.012724936 -0.588141918 -0.044798631 0.807415724
1311875607.209479 -0.799205542 0.089106604 -0.313756406 0.009471086 -0.587437689 -0.040363003 0.808206677
1311875607.241502 -0.801721394 0.083962381 -0.315521061 0.007512670 -0.582529664 -0.044297028 0.811566710
1311875607.277386 -0.799077153 0.090018772 -0.317866385 0.010488439 -0.578151464 -0.044404633 0.814652741
1311875607.309373 -0.799100876 0.091324508 -0.315079898 0.008819239 -0.574680924 -0.045898091 0.817041874
1311875607.341743 -0.802737594 0.087329097 -0.317311943 0.003568697 -0.568825781 -0.048904087 0.820995033
1311875607.377434 -0.800225616 0.088746361 -0.317971528 0.000975421 -0.564518213 -0.051398836 0.823818147
1311875607.409328 -0.798880696 0.089313760 -0.319035530 -0.002923630 -0.559475243 -0.053106532 0.827138782
1311875607.441480 -0.801952064 0.090375558 -0.314188689 -0.005146684 -0.555574119 -0.055456862 0.829599559
1311875607.477464 -0.799968481 0.090856530 -0.316074133 -0.005956175 -0.549868047 -0.058323126 0.833191514
1311875607.509423 -0.805615723 0.093234576 -0.317339242 -0.008607212 -0.543600082 -0.058734883 0.837242544
1311875607.541473 -0.805659652 0.091536880 -0.315970123 -0.012019766 -0.539467812 -0.058908761 0.839856982
1311875607.577448 -0.807771504 0.092927486 -0.312578827 -0.014208419 -0.535749257 -0.058680233 0.842215836
1311875607.609519 -0.805413485 0.094864160 -0.312639028 -0.018928388 -0.530319273 -0.059107892 0.845523179
1311875607.641477 -0.810304761 0.092166804 -0.312084675 -0.024526389 -0.524678409 -0.059717152 0.848849118
1311875607.677409 -0.808297038 0.094926514 -0.311795443 -0.027142692 -0.519481719 -0.058807317 0.852023244
1311875607.709451 -0.811020374 0.101293027 -0.308719099 -0.032390408 -0.514732122 -0.055974554 0.854908526
1311875607.741504 -0.812653065 0.093048684 -0.313718140 -0.034438550 -0.507588148 -0.060715899 0.858767629
1311875607.777389 -0.815321267 0.094917320 -0.311284482 -0.035732660 -0.501389205 -0.060555294 0.862360179
1311875607.809472 -0.820396483 0.097064480 -0.306089371 -0.039638147 -0.495479792 -0.056705687 0.865859747
1311875607.841479 -0.817215919 0.096282199 -0.309992641 -0.037484258 -0.487369478 -0.056934539 0.870531082
1311875607.877430 -0.816324592 0.098319471 -0.308939010 -0.036256146 -0.479545832 -0.053969860 0.875104904
1311875607.909373 -0.817500532 0.096522287 -0.310522676 -0.035781812 -0.468777627 -0.052891042 0.881004989
1311875607.941471 -0.817083597 0.096368954 -0.309816539 -0.037816532 -0.458789378 -0.048782121 0.886398613
1311875607.977434 -0.819086313 0.096705303 -0.312616557 -0.040733580 -0.449474245 -0.044259392 0.891265869
1311875608.009333 -0.816451728 0.096109778 -0.314887196 -0.040800862 -0.442004770 -0.042981092 0.895052910
1311875608.041506 -0.815635204 0.093405925 -0.315144449 -0.047581825 -0.434751242 -0.036469009 0.898552954
1311875608.077486 -0.816967905 0.093873464 -0.319155723 -0.047808576 -0.426248461 -0.034905292 0.902667284
1311875608.109540 -0.826612830 0.097135127 -0.314481705 -0.045660205 -0.419348866 -0.035033848 0.905999064
1311875608.141320 -0.826347351 0.101167962 -0.316207469 -0.047811326 -0.412076116 -0.033119235 0.909291208
1311875608.177343 -0.826189876 0.097982734 -0.315233558 -0.053499319 -0.407231331 -0.032369353 0.911182046
1311875608.209401 -0.830085993 0.100442603 -0.315400004 -0.051207747 -0.402374148 -0.033098992 0.913442552
1311875608.241432 -0.829820991 0.101912700 -0.317548126 -0.050039969 -0.397647768 -0.033496976 0.915560067
1311875608.277346 -0.831988454 0.100461036 -0.318148941 -0.051752307 -0.391712070 -0.034415036 0.917986333
1311875608.309451 -0.829652786 0.100558147 -0.316603929 -0.051879786 -0.388062179 -0.033034697 0.919578671
1311875608.341484 -0.833383560 0.101739317 -0.318715811 -0.047270376 -0.381862819 -0.035894614 0.922311127
1311875608.377425 -0.833924413 0.099696510 -0.317849785 -0.048618156 -0.377351820 -0.034009323 0.924167335
1311875608.409322 -0.835965633 0.102758199 -0.317354351 -0.044996254 -0.372482151 -0.032391395 0.926381767
1311875608.441450 -0.835987270 0.101693183 -0.315214247 -0.044473376 -0.369376093 -0.031328827 0.927686334
1311875608.477371 -0.832174718 0.100339808 -0.317951053 -0.039373625 -0.367038012 -0.031273078 0.928845942
1311875608.509435 -0.829119444 0.099487424 -0.319715202 -0.033975694 -0.362353653 -0.031238789 0.930897236
1311875608.541470 -0.829740584 0.099118017 -0.318846405 -0.030416153 -0.357690781 -0.031375434 0.932817101
1311875608.577349 -0.831546247 0.098009303 -0.315050900 -0.024337813 -0.353498369 -0.032153979 0.934565485
1311875608.609481 -0.830093503 0.098787904 -0.318231285 -0.014002834 -0.349379331 -0.034662109 0.936235309
1311875608.641446 -0.829872668 0.098644502 -0.318092346 -0.009903478 -0.344593018 -0.033620350 0.938097656
1311875608.677382 -0.829654455 0.099095933 -0.318907797 -0.003608808 -0.339389980 -0.034480896 0.940006614
1311875608.709509 -0.829884887 0.099065311 -0.318496525 0.004294605 -0.335718155 -0.035231452 0.941293597
1311875608.741595 -0.845077753 0.100605868 -0.319706172 0.008226080 -0.325437337 -0.037155308 0.944797516
1311875608.777397 -0.846087694 0.100199826 -0.318331242 0.010110614 -0.322413921 -0.034404818 0.945919335
1311875608.809412 -0.846405268 0.100250259 -0.317528546 0.015446533 -0.319112599 -0.032850340 0.947021365
1311875608.841268 -0.847413778 0.099477842 -0.314795017 0.017172441 -0.315954059 -0.031036882 0.948111236
1311875608.877359 -0.846274137 0.100008197 -0.318403602 0.018529661 -0.311356753 -0.027424989 0.949716568
1311875608.909419 -0.846873760 0.099593371 -0.317060113 0.020572513 -0.308204502 -0.021853479 0.950846553
1311875608.941469 -0.846679568 0.099801540 -0.317395687 0.026088322 -0.304974258 -0.023019321 0.951724887
1311875608.977293 -0.846919954 0.099970959 -0.316878647 0.028361006 -0.300515711 -0.020764465 0.953128934
1311875609.009548 -0.846986294 0.100160912 -0.317146122 0.034178551 -0.297450721 -0.019107495 0.953933835
1311875609.041295 -0.846453965 0.100425139 -0.318737745 0.038300782 -0.292553097 -0.019351693 0.955285966
1311875609.077244 -0.848679185 0.099659115 -0.313360751 0.038865507 -0.289301574 -0.013306857 0.956356049
1311875609.109293 -0.844953954 0.097926065 -0.315871835 0.041043524 -0.285933048 -0.009540766 0.957322657
1311875609.141456 -0.845408499 0.097250670 -0.314559966 0.040695906 -0.282968968 -0.004101817 0.958256543
1311875609.177452 -0.849177182 0.099335931 -0.312367320 0.041525934 -0.278145790 0.000458494 0.959640741
1311875609.209406 -0.850469768 0.098809183 -0.309720814 0.042835079 -0.274997532 0.004611770 0.960479140
1311875609.241444 -0.850670278 0.098489597 -0.309092820 0.042712148 -0.271813840 0.008541955 0.961363614
1311875609.277371 -0.849492073 0.097027108 -0.309864938 0.041905779 -0.268350720 0.011892524 0.962335885
1311875609.309414 -0.849626660 0.096763410 -0.310301125 0.044081856 -0.265327215 0.014125564 0.963046551
1311875609.341412 -0.850701869 0.097759537 -0.309296578 0.044605989 -0.264012665 0.019703200 0.963285744
1311875609.377286 -0.854334235 0.096928500 -0.302169383 0.047760654 -0.261672884 0.018060209 0.963804960
1311875609.409391 -0.854959488 0.096668944 -0.300670087 0.050150082 -0.259064376 0.019439574 0.964361310
1311875609.441404 -0.855354130 0.096691549 -0.299453557 0.053007085 -0.257633716 0.019996088 0.964580357
1311875609.477353 -0.854500413 0.097386792 -0.302014291 0.055347484 -0.254980564 0.016715085 0.965216100
1311875609.509259 -0.854447126 0.097490579 -0.302267790 0.057036318 -0.252462059 0.014596065 0.965813994
1311875609.541435 -0.854607046 0.097403646 -0.301921695 0.057241183 -0.250795156 0.012127956 0.966270208
1311875609.577386 -0.855527103 0.096899182 -0.301081687 0.056368127 -0.247227341 0.009367573 0.967271149
1311875609.609423 -0.855722308 0.097054757 -0.301389396 0.060294133 -0.244297847 0.003495555 0.967817605
1311875609.641450 -0.854902565 0.097853631 -0.302147985 0.066186182 -0.243579581 -0.006895325 0.967595398
1311875609.677380 -0.855825186 0.096717246 -0.301374346 0.062073302 -0.241181508 -0.001257534 0.968492031
1311875609.709450 -0.855141819 0.097336099 -0.302521467 0.066547155 -0.238320485 -0.006434541 0.968882561
1311875609.741374 -0.855834782 0.096874662 -0.301928908 0.061677083 -0.238493055 -0.000931083 0.969183207
1311875609.777509 -0.856159210 0.096924275 -0.301092148 0.062446095 -0.236267626 -0.003544259 0.969672918
1311875609.809458 -0.856808007 0.096132785 -0.299372017 0.064257368 -0.233071059 -0.006584075 0.970312059
1311875609.841513 -0.854943633 0.097598441 -0.303304195 0.065150551 -0.228300527 -0.008201486 0.971373737
1311875609.877335 -0.853867233 0.098975956 -0.305196583 0.068113267 -0.222707883 -0.014481136 0.972395062
1311875609.909470 -0.855714917 0.097016580 -0.301278591 0.062112741 -0.221576348 -0.007307800 0.973135412
1311875609.941402 -0.856159449 0.096919611 -0.300552666 0.060579970 -0.216252044 -0.008897050 0.974415660
1311875609.977227 -0.857043386 0.096341625 -0.298917741 0.059309777 -0.211510211 -0.006927073 0.975549996
1311875610.009437 -0.856115997 0.096884020 -0.300811678 0.060542256 -0.204070792 -0.008218799 0.977047682
1311875610.041313 -0.856288135 0.098271534 -0.301312119 0.064196721 -0.194421425 -0.010721890 0.978756368
1311875610.077356 -0.856209278 0.096834838 -0.301092237 0.062746935 -0.188092843 -0.003162442 0.980139732
1311875610.109388 -0.855049133 0.096893385 -0.303259552 0.067876235 -0.180670708 -0.004076289 0.981190205
1311875610.141586 -0.859739304 0.096359819 -0.296915084 0.065363385 -0.174234807 0.002169277 0.982529938
1311875610.177378 -0.857038558 0.090981372 -0.293635726 0.061333224 -0.170926273 0.011260860 0.983308554
1311875610.209371 -0.854942024 0.093568720 -0.300206840 0.068745762 -0.164591432 0.011244365 0.983898997
1311875610.241444 -0.858946025 0.091880716 -0.289646417 0.066209130 -0.162548453 0.016768256 0.984333873
1311875610.277265 -0.862399399 0.094612367 -0.298239022 0.071099132 -0.154152349 0.017407300 0.985331893
1311875610.309258 -0.861559749 0.098142892 -0.310111344 0.074172229 -0.146970391 0.021285698 0.986126304
1311875610.341331 -0.861471653 0.093731351 -0.298611522 0.070040651 -0.145998925 0.024872417 0.986488700
1311875610.377536 -0.861761749 0.095976904 -0.299379766 0.070972472 -0.140839770 0.024687989 0.987176538
