===================DEFAULT====================
Camera Matrix:
[[1.62696150e+03 0.00000000e+00 1.07042674e+03]
 [0.00000000e+00 1.63025669e+03 6.02375059e+02]
 [0.00000000e+00 0.00000000e+00 1.00000000e+00]]

Distortion Coefficients:
[[-0.01915276  0.0062974  -0.00195505 -0.00249377  0.13720035]]

==================1080 * 720===================
Camera Matrix:
[[810.16482667,   0.        , 540.52402725],
 [  0.        , 963.37361181, 353.97621686],
 [  0.        ,   0.        ,   1.        ]]

Distortion Coefficients:
[[-0.02835172,  0.10393001, -0.00328014,  0.00071307, -0.04466953]]