0.000000
0.166690
0.333381
0.500071
0.666762
0.833452
1.000143
1.166833
1.333523
1.500214
1.666904
1.833595
2.000285
2.166976
2.333666
2.500357
2.667047
2.833737
3.000428
3.167118
3.333809
3.500499
3.667190
3.833880
4.000570
4.167261
4.333951
4.500642
4.667332
4.834023
5.000713
5.167403
5.334094
5.500784
5.667475
5.834165
6.000856
6.167546
6.334237
6.500927
6.667617
6.834308
7.000998
7.167689
7.334379
7.501070
7.667760
7.834450
8.001141
8.167831
8.334522
8.501212
8.667903
8.834593
9.001284
9.167974
9.334664
9.501355
9.668045
9.834736
10.001426
10.168117
10.334807
10.501497
10.668188
10.834878
11.001569
11.168259
11.334950
11.501640
11.668330
11.835021
12.001711
12.168402
12.335092
12.501783
12.668473
12.835164
13.001854
13.168544
13.335235
13.501925
13.668616
13.835306
14.001997
14.168687
14.335377
14.502068
14.668758
14.835449
15.002139
15.168830
15.335520
15.502210
15.668901
15.835591
16.002282
16.168972
16.335663
16.502353
16.669044
16.835734
17.002424
17.169115
17.335805
17.502496
17.669186
17.835877
18.002567
18.169257
18.335948
18.502638
18.669329
18.836019
19.002710
19.169400
19.336091
19.502781
19.669471
19.836162
20.002852
20.169543
20.336233
20.502924
20.669614
20.836304
21.002995
21.169685
21.336376
21.503066
21.669757
21.836447
22.003137
22.169828
22.336518
22.503209
22.669899
22.836590
23.003280
23.169971
23.336661
23.503351
23.670042
23.836732
24.003423
24.170113
24.336804
24.503494
24.670184
24.836875
25.003565
25.170256
25.336946
25.503637
25.670327
25.837017
26.003708
26.170398
26.337089
26.503779
26.670470
26.837160
27.003851
27.170541
27.337231
27.503922
27.670612
27.837303
28.003993
28.170684
28.337374
28.504064
28.670755
28.837445
29.004136
29.170826
29.337517
29.504207
29.670898
29.837588
30.004278
30.170969
30.337659
30.504350
30.671040
30.837731
31.004421
31.171111
31.337802
31.504492
31.671183
31.837873
32.004564
32.171254
32.337944
32.504635
32.671325
32.838016
33.004706
33.171397
33.338087
33.504778
33.671468
33.838158
34.004849
34.171539
34.338230
34.504920
34.671611
34.838301
35.004991
35.171682
35.338372
35.505063
35.671753
35.838444
36.005134
36.171824
36.338515
36.505205
36.671896
36.838586
37.005277
37.171967
37.338658
37.505348
37.672038
37.838729
38.005419
38.172110
38.338800
38.505491
38.672181
38.838871
39.005562
39.172252
39.338943
39.505633
39.672324
39.839014
40.005705
40.172395
40.339085
40.505776
40.672466
40.839157
41.005847
41.172538
41.339228
41.505918
41.672609
41.839299
42.005990
42.172680
42.339371
42.506061
42.672751
42.839442
43.006132
43.172823
43.339513
43.506204
43.672894
43.839585
44.006275
44.172965
44.339656
44.506346
44.673037
44.839727
45.006418
45.173108
45.339798
45.506489
45.673179
45.839870
46.006560
46.173251
46.339941
46.506631
46.673322
46.840012
47.006703
47.173393
47.340084
47.506774
47.673465
47.840155
48.006845
48.173536
48.340226
48.506917
48.673607
48.840298
49.006988
49.173678
49.340369
49.507059
49.673750
49.840440
50.007131
50.173821
50.340512
50.507202
50.673892
50.840583
51.007273
51.173964
51.340654
51.507345
51.674035
51.840725
52.007416
52.174106
52.340797
52.507487
52.674178
52.840868
53.007558
53.174249
53.340939
53.507630
53.674320
53.841011
54.007701
54.174392
54.341082
54.507772
54.674463
54.841153
55.007844
55.174534
55.341225
55.507915
55.674605
55.841296
56.007986
56.174677
56.341367
56.508058
56.674748
56.841438
57.008129
57.174819
57.341510
57.508200
57.674891
57.841581
58.008272
58.174962
58.341652
58.508343
58.675033
58.841724
59.008414
59.175105
59.341795
59.508485
59.675176
59.841866
60.008557
60.175247
60.341938
60.508628
60.675319
60.842009
61.008699
61.175390
61.342080
61.508771
61.675461
61.842152
62.008842
62.175532
62.342223
62.508913
62.675604
62.842294
63.008985
63.175675
63.342365
63.509056
63.675746
63.842437
64.009127
64.175818
64.342508
64.509199
64.675889
64.842579
65.009270
65.175960
65.342651
65.509341
65.676032
65.842722
66.009412
66.176103
66.342793
66.509484
66.676174
66.842865
67.009555
67.176245
67.342936
67.509626
67.676317
67.843007
68.009698
68.176388
68.343079
68.509769
68.676459
68.843150
69.009840
69.176531
69.343221
69.509912
69.676602
69.843292
70.009983
70.176673
70.343364
70.510054
70.676745
70.843435
71.010125
71.176816
71.343506
71.510197
71.676887
71.843578
72.010268
72.176959
72.343649
72.510339
72.677030
72.843720
73.010411
73.177101
73.343792
73.510482
73.677172
73.843863
74.010553
74.177244
74.343934
74.510625
74.677315
74.844006
75.010696
75.177386
75.344077
75.510767
75.677458
75.844148
76.010839
76.177529
76.344219
76.510910
76.677600
76.844291
77.010981
77.177672
77.344362
77.511052
77.677743
77.844433
78.011124
78.177814
78.344505
78.511195
78.677886
78.844576
79.011266
79.177957
79.344647
79.511338
79.678028
79.844719
80.011409
80.178099
80.344790
80.511480
80.678171
80.844861
81.011552
81.178242
81.344932
81.511623
81.678313
81.845004
82.011694
82.178385
82.345075
82.511766
82.678456
82.845146
83.011837
83.178527
83.345218
83.511908
83.678599
83.845289
84.011979
84.178670
84.345360
84.512051
84.678741
84.845432
85.012122
85.178813
85.345503
85.512193
85.678884
85.845574
86.012265
86.178955
86.345646
86.512336
86.679026
86.845717
87.012407
87.179098
87.345788
87.512479
87.679169
87.845859
88.012550
88.179240
88.345931
88.512621
88.679312
88.846002
89.012693
89.179383
89.346073
89.512764
89.679454
89.846145
90.012835
90.179526
90.346216
90.512906
90.679597
90.846287
91.012978
91.179668
91.346359
91.513049
91.679739
91.846430
92.013120
92.179811
92.346501
92.513192
92.679882
92.846573
93.013263
93.179953
93.346644
93.513334
93.680025
93.846715
94.013406
94.180096
94.346786
94.513477
94.680167
94.846858
95.013548
95.180239
95.346929
95.513620
95.680310
95.847000
96.013691
96.180381
96.347072
96.513762
96.680453
96.847143
97.013833
97.180524
97.347214
97.513905
97.680595
97.847286
98.013976
98.180666
98.347357
98.514047
98.680738
98.847428
99.014119
99.180809
99.347500
99.514190
99.680880
99.847571
100.014261
100.180952
100.347642
100.514333
100.681023
100.847713
101.014404
101.181094
101.347785
101.514475
101.681166
101.847856
102.014546
102.181237
102.347927
102.514618
102.681308
102.847999
103.014689
103.181380
103.348070
103.514760
103.681451
103.848141
104.014832
104.181522
104.348213
104.514903
104.681593
104.848284
105.014974
105.181665
105.348355
105.515046
105.681736
105.848427
106.015117
106.181807
106.348498
106.515188
106.681879
106.848569
107.015260
107.181950
107.348640
107.515331
107.682021
107.848712
108.015402
108.182093
108.348783
108.515473
108.682164
108.848854
109.015545
109.182235
109.348926
109.515616
109.682307
109.848997
110.015687
110.182378
110.349068
110.515759
110.682449
110.849140
111.015830
111.182520
111.349211
111.515901
111.682592
111.849282
112.015973
112.182663
112.349353
112.516044
112.682734
112.849425
113.016115
113.182806
113.349496
113.516187
113.682877
113.849567
114.016258
114.182948
114.349639
114.516329
114.683020
114.849710
115.016400
115.183091
115.349781
115.516472
115.683162
115.849853
116.016543
116.183234
116.349924
116.516614
116.683305
116.849995
117.016686
117.183376
117.350067
117.516757
117.683447
117.850138
118.016828
118.183519
118.350209
118.516900
118.683590
118.850280
119.016971
119.183661
119.350352
119.517042
119.683733
119.850423
120.017114
120.183804
120.350494
120.517185
120.683875
120.850566
121.017256
121.183947
121.350637
121.517327
121.684018
121.850708
122.017399
122.184089
122.350780
122.517470
122.684160
122.850851
123.017541
123.184232
123.350922
123.517613
123.684303
123.850994
124.017684
124.184374
124.351065
124.517755
124.684446
124.851136
125.017827
125.184517
125.351207
125.517898
125.684588
125.851279
126.017969
126.184660
126.351350
126.518041
126.684731
126.851421
127.018112
127.184802
127.351493
127.518183
127.684874
127.851564
128.018254
128.184945
128.351635
128.518326
128.685016
128.851707
129.018397
129.185087
129.351778
129.518468
129.685159
129.851849
130.018540
130.185230
130.351921
130.518611
130.685301
130.851992
131.018682
131.185373
131.352063
131.518754
131.685444
131.852134
132.018825
132.185515
132.352206
132.518896
132.685587
132.852277
133.018967
133.185658
133.352348
133.519039
133.685729
133.852420
134.019110
134.185801
134.352491
134.519181
134.685872
134.852562
135.019253
135.185943
135.352634
135.519324
135.686014
135.852705
136.019395
136.186086
136.352776
136.519467
136.686157
136.852847
137.019538
137.186228
137.352919
137.519609
137.686300
137.852990
138.019681
138.186371
138.353061
138.519752
138.686442
138.853133
139.019823
139.186514
139.353204
139.519894
139.686585
139.853275
140.019966
140.186656
140.353347
140.520037
140.686728
140.853418
141.020108
141.186799
141.353489
141.520180
141.686870
141.853561
142.020251
142.186941
142.353632
142.520322
142.687013
142.853703
143.020394
143.187084
143.353774
143.520465
143.687155
143.853846
144.020536
144.187227
144.353917
144.520608
144.687298
144.853988
145.020679
145.187369
145.354060
145.520750
145.687441
145.854131
146.020821
146.187512
146.354202
146.520893
146.687583
146.854274
147.020964
147.187654
147.354345
147.521035
147.687726
147.854416
148.021107
148.187797
148.354488
148.521178
148.687868
148.854559
149.021249
149.187940
149.354630
149.521321
149.688011
149.854701
150.021392
150.188082
150.354773
150.521463
150.688154
150.854844
151.021535
151.188225
151.354915
151.521606
151.688296
151.854987
152.021677
152.188368
152.355058
152.521748
152.688439
152.855129
153.021820
153.188510
153.355201
153.521891
153.688581
153.855272
154.021962
154.188653
154.355343
154.522034
154.688724
154.855415
155.022105
155.188795
155.355486
155.522176
155.688867
155.855557
156.022248
156.188938
156.355628
156.522319
156.689009
156.855700
157.022390
157.189081
157.355771
157.522461
157.689152
157.855842
158.022533
158.189223
158.355914
158.522604
158.689295
158.855985
159.022675
159.189366
159.356056
159.522747
159.689437
159.856128
160.022818
160.189508
160.356199
160.522889
160.689580
160.856270
161.022961
161.189651
161.356342
161.523032
161.689722
161.856413
162.023103
162.189794
162.356484
162.523175
162.689865
162.856555
163.023246
163.189936
163.356627
163.523317
163.690008
163.856698
164.023388
164.190079
164.356769
164.523460
164.690150
164.856841
165.023531
165.190222
165.356912
165.523602
165.690293
165.856983
166.023674
166.190364
166.357055
166.523745
166.690435
166.857126
167.023816
167.190507
167.357197
167.523888
167.690578
167.857268
168.023959
168.190649
168.357340
168.524030
168.690721
168.857411
169.024102
169.190792
169.357482
169.524173
169.690863
169.857554
170.024244
170.190935
170.357625
170.524315
170.691006
170.857696
171.024387
171.191077
171.357768
171.524458
171.691149
171.857839
172.024529
172.191220
172.357910
172.524601
172.691291
172.857982
173.024672
173.191362
173.358053
173.524743
173.691434
173.858124
174.024815
174.191505
174.358195
174.524886
174.691576
174.858267
175.024957
175.191648
175.358338
175.525029
175.691719
175.858409
176.025100
176.191790
176.358481
176.525171
176.691862
176.858552
177.025242
177.191933
177.358623
177.525314
177.692004
177.858695
178.025385
178.192075
178.358766
178.525456
178.692147
178.858837
179.025528
179.192218
179.358909
179.525599
179.692289
179.858980
180.025670
180.192361
180.359051
180.525742
180.692432
180.859122
181.025813
181.192503
181.359194
181.525884
181.692575
181.859265
182.025956
182.192646
182.359336
182.526027
182.692717
182.859408
183.026098
183.192789
183.359479
183.526169
183.692860
183.859550
184.026241
184.192931
184.359622
184.526312
184.693002
184.859693
185.026383
185.193074
185.359764
185.526455
185.693145
185.859836
186.026526
186.193216
186.359907
186.526597
186.693288
186.859978
187.026669
187.193359
187.360049
187.526740
187.693430
187.860121
188.026811
188.193502
188.360192
188.526882
188.693573
188.860263
189.026954
189.193644
189.360335
189.527025
189.693716
189.860406
190.027096
190.193787
190.360477
190.527168
190.693858
190.860549
191.027239
191.193929
191.360620
191.527310
191.694001
191.860691
192.027382
192.194072
192.360763
192.527453
192.694143
192.860834
193.027524
193.194215
193.360905
193.527596
193.694286
193.860976
194.027667
194.194357
194.361048
194.527738
194.694429
194.861119
195.027809
195.194500
195.361190
195.527881
195.694571
195.861262
196.027952
196.194643
196.361333
196.528023
196.694714
196.861404
197.028095
197.194785
197.361476
197.528166
197.694856
197.861547
198.028237
198.194928
198.361618
198.528309
198.694999
198.861689
199.028380
199.195070
199.361761
199.528451
199.695142
199.861832
200.028523
200.195213
200.361903
200.528594
200.695284
200.861975
201.028665
201.195356
201.362046
201.528736
201.695427
201.862117
202.028808
202.195498
202.362189
202.528879
202.695569
202.862260
203.028950
203.195641
203.362331
203.529022
203.695712
203.862403
204.029093
204.195783
204.362474
204.529164
204.695855
204.862545
205.029236
205.195926
205.362616
205.529307
205.695997
205.862688
206.029378
206.196069
206.362759
206.529450
206.696140
206.862830
207.029521
207.196211
207.362902
207.529592
207.696283
207.862973
208.029663
208.196354
208.363044
208.529735
208.696425
208.863116
209.029806
209.196496
209.363187
209.529877
209.696568
209.863258
210.029949
210.196639
210.363330
210.530020
210.696710
210.863401
211.030091
211.196782
211.363472
211.530163
211.696853
211.863543
212.030234
212.196924
212.363615
212.530305
212.696996
212.863686
213.030376
213.197067
213.363757
213.530448
213.697138
213.863829
214.030519
214.197210
214.363900
214.530590
214.697281
214.863971
215.030662
215.197352
215.364043
215.530733
215.697423
215.864114
216.030804
216.197495
216.364185
216.530876
216.697566
216.864257
217.030947
217.197637
217.364328
217.531018
217.697709
217.864399
218.031090
218.197780
218.364470
218.531161
218.697851
218.864542
219.031232
219.197923
219.364613
219.531303
219.697994
219.864684
220.031375
220.198065
220.364756
220.531446
220.698137
220.864827
221.031517
221.198208
221.364898
221.531589
221.698279
221.864970
222.031660
222.198350
222.365041
222.531731
222.698422
222.865112
223.031803
223.198493
223.365183
223.531874
223.698564
223.865255
224.031945
224.198636
224.365326
224.532017
224.698707
224.865397
225.032088
225.198778
225.365469
225.532159
225.698850
225.865540
226.032230
226.198921
226.365611
226.532302
226.698992
226.865683
227.032373
227.199064
227.365754
227.532444
227.699135
227.865825
228.032516
228.199206
228.365897
228.532587
228.699277
228.865968
229.032658
229.199349
229.366039
229.532730
229.699420
229.866110
230.032801
230.199491
230.366182
230.532872
230.699563
230.866253
231.032944
231.199634
231.366324
231.533015
231.699705
231.866396
232.033086
232.199777
232.366467
232.533157
232.699848
232.866538
233.033229
233.199919
233.366610
233.533300
233.699990
233.866681
234.033371
234.200062
234.366752
234.533443
234.700133
234.866824
235.033514
235.200204
235.366895
235.533585
235.700276
235.866966
236.033657
236.200347
236.367037
236.533728
236.700418
236.867109
237.033799
237.200490
237.367180
237.533871
237.700561
237.867251
238.033942
238.200632
238.367323
238.534013
238.700704
238.867394
239.034084
239.200775
239.367465
239.534156
239.700846
239.867537
240.034227
240.200917
240.367608
240.534298
240.700989
240.867679
241.034370
241.201060
241.367751
241.534441
241.701131
241.867822
242.034512
242.201203
242.367893
242.534584
242.701274
242.867964
243.034655
243.201345
243.368036
243.534726
243.701417
243.868107
244.034797
244.201488
244.368178
244.534869
244.701559
244.868250
245.034940
245.201631
245.368321
245.535011
245.701702
245.868392
246.035083
246.201773
246.368464
246.535154
246.701844
246.868535
247.035225
247.201916
247.368606
247.535297
247.701987
247.868678
248.035368
248.202058
248.368749
248.535439
248.702130
248.868820
249.035511
249.202201
249.368891
249.535582
249.702272
249.868963
250.035653
250.202344
250.369034
250.535724
250.702415
250.869105
251.035796
251.202486
251.369177
251.535867
251.702558
251.869248
252.035938
252.202629
252.369319
252.536010
252.702700
252.869391
253.036081
253.202771
253.369462
253.536152
253.702843
253.869533
254.036224
254.202914
254.369604
254.536295
254.702985
254.869676
255.036366
255.203057
255.369747
255.536438
255.703128
255.869818
256.036509
256.203199
256.369890
256.536580
256.703271
256.869961
257.036651
257.203342
257.370032
257.536723
257.703413
257.870104
258.036794
258.203485
258.370175
258.536865
258.703556
258.870246
259.036937
259.203627
259.370318
259.537008
259.703698
259.870389
260.037079
260.203770
260.370460
260.537151
260.703841
260.870531
261.037222
261.203912
261.370603
261.537293
261.703984
261.870674
262.037365
262.204055
262.370745
262.537436
262.704126
262.870817
263.037507
263.204198
263.370888
263.537578
263.704269
263.870959
264.037650
264.204340
264.371031
264.537721
264.704411
264.871102
265.037792
265.204483
265.371173
265.537864
265.704554
265.871245
266.037935
266.204625
266.371316
266.538006
266.704697
266.871387
267.038078
267.204768
267.371458
267.538149
267.704839
267.871530
268.038220
268.204911
268.371601
268.538292
268.704982
268.871672
269.038363
269.205053
269.371744
269.538434
269.705125
269.871815
270.038505
270.205196
270.371886
270.538577
270.705267
270.871958
271.038648
271.205338
271.372029
271.538719
271.705410
271.872100
272.038791
272.205481
272.372172
272.538862
272.705552
272.872243
273.038933
273.205624
273.372314
273.539005
273.705695
273.872385
274.039076
274.205766
274.372457
274.539147
274.705838
274.872528
275.039218
275.205909
275.372599
275.539290
275.705980
275.872671
276.039361
276.206052
276.372742
276.539432
276.706123
276.872813
277.039504
277.206194
277.372885
277.539575
277.706265
277.872956
278.039646
278.206337
278.373027
278.539718
278.706408
278.873098
279.039789
279.206479
279.373170
279.539860
279.706551
279.873241
280.039932
280.206622
280.373312
280.540003
280.706693
280.873384
281.040074
281.206765
281.373455
281.540145
281.706836
281.873526
282.040217
282.206907
282.373598
282.540288
282.706979
282.873669
283.040359
283.207050
283.373740
283.540431
283.707121
283.873812
284.040502
284.207192
284.373883
284.540573
284.707264
284.873954
285.040645
285.207335
285.374025
285.540716
285.707406
285.874097
286.040787
286.207478
286.374168
286.540859
286.707549
286.874239
287.040930
287.207620
287.374311
287.541001
287.707692
287.874382
288.041072
288.207763
288.374453
288.541144
288.707834
288.874525
289.041215
289.207905
289.374596
289.541286
289.707977
289.874667
290.041358
290.208048
290.374739
290.541429
290.708119
290.874810
291.041500
291.208191
291.374881
291.541572
291.708262
291.874952
292.041643
